###############
#    Sets     #
###############
#
set REGION := Benin ;
set YEAR := ;
set EMISSION := CO2;
set FUEL :=  BENBIO	BENCOA	BENCO1	BENCO2	BENEL1	BENGAS	BENHFE	BENHFO	BENLFE	BENLFO	BENSOL	BENURN	BENWIN;
set TIMESLICE := ;
set MODE_OF_OPERATION := 1 ;
set TECHNOLOGY :=  COAL_IMP GAS_IMP DIESEL_IMP BENBACKSTOP	BENBIOCHC01N	BENBIOCHP01N	BENBIOCHP01O	BENBIOIMP00X	BENBIOPRP00X	BENCO1DIP00X	BENCO1IMP00X	BENCO1PRP00X	BENCO1R1P00X	BENCO1R2P00X	BENCO1RCP00X	BENCOAPRP00X	BENCOASCC01N	BENCOASCP01N	BENCOASCP01O	BENEL1TRP00X	BENELGHABP00	BENELNERBP00	BENGEOCVP01N	BENGEOCVP01O	BENHFOGCP01N	BENHFOGCP01O	HeavyFueloil_IMP	BENHYDLSP00X	BENHYDMSP00X	BENHYDSSP00X	BENLFOIMP00X	BENLFORCP01N	BENLFORCP01O	BENLNGIMP00X	BENNGACCC01N	BENNGACCP01N	BENNGACCP01O	BENNGAGCP01N	BENNGAGCP01O	BENNGAPRP00X	BENNGGCP01N	BENNGGCP01O	BENSOLARP00X	BENSOLCNP01X	BENSOLCSP01X	BENSOLPUP00X	BENURNIMP00X	BENURNPRP00X	BENURNPWP01N	BENURNPWP01O	BENWINOFP00X	WI31ph	BENWINPRP00X	GHAELBENBP00	NERELBENBP00	NGAELBENBP00	TGOELBENBP00 Imports;
set SEASON:=;
set DAYTYPE:=;
set DAILYTIMEBRACKET:=;
set STORAGE:=;


#####################
#    Parameters     #
#####################
#
# Units are TJ, MW and kUSD

param ResultsPath :=
;

param Peakdemand default 9999999999999:=
;

param MaxKmPerTech default 9999999999999 :=
;

param CapitalCostkmkW default 0 :=
;



param TotalTechnologyAnnualActivityUpperLimit default 99999999999 :=
;

param RETagTechnology default 0 :=
;

param DaysInDayType default 7 :=
;

param EmissionsPenalty default 0 :=
;

param ModelPeriodExogenousEmission default 0 :=
;

param StorageMaxDischargeRate default 0 :=
;
#USD/GJ
param VariableCost default 0 :=
[Benin,Imports,*,*]:
2020	2021	2022	2023	2024	2025	2026	2027	2028	2029	2030	2031	2032	2033	2034	2035	2036	2037	2038	2039	2040:=	
1 29.6216681	29.6216681	29.6216681	29.6216681	29.6216681	29.6216681	29.6216681	29.6216681	29.6216681	29.6216681	29.6216681	29.6216681	29.6216681	29.6216681	29.6216681	29.6216681	29.6216681	29.6216681	29.6216681	29.6216681	29.6216681
[Benin,BENBACKSTOP,*,*]:
2020	2021	2022	2023	2024	2025	2026	2027	2028	2029	2030	2031	2032	2033	2034	2035	2036	2037	2038	2039	2040:=	
1	999999	999999	999999	999999	999999	999999	999999	999999	999999	999999	999999	999999	999999	999999	999999	999999	999999	999999	999999	999999	999999
[Benin,BENBIOIMP00X,*,*]:
2020	2021	2022	2023	2024	2025	2026	2027	2028	2029	2030	2031	2032	2033	2034	2035	2036	2037	2038	2039	2040:=	
1	1.616	1.616	1.616	1.616	1.616	1.616	1.616	1.616	1.616	1.616	1.616	1.616	1.616	1.616	1.616	1.616	1.616	1.616	1.616	1.616	1.616
[Benin,BENBIOPRP00X,*,*]:
2020	2021	2022	2023	2024	2025	2026	2027	2028	2029	2030	2031	2032	2033	2034	2035	2036	2037	2038	2039	2040:=	
1	1.6	1.6	1.6	1.6	1.6	1.6	1.6	1.6	1.6	1.6	1.6	1.6	1.6	1.6	1.6	1.6	1.6	1.6	1.6	1.6	1.6
[Benin,BENBIOCHC01N,*,*]:
2020	2021	2022	2023	2024	2025	2026	2027	2028	2029	2030	2031	2032	2033	2034	2035	2036	2037	2038	2039	2040:=	
1	6.7	6.69	6.68	6.67	6.66	6.65	6.64	6.63	6.62	6.61	6.6	6.59	6.58	6.57	6.56	6.55	6.54	6.53	6.52	6.51	6.5
[Benin,BENBIOCHP01N,*,*]:
2020	2021	2022	2023	2024	2025	2026	2027	2028	2029	2030	2031	2032	2033	2034	2035	2036	2037	2038	2039	2040:=	
1	0.00001	0.00001	0.00001	0.00001	0.00001	0.00001	0.00001	0.00001	0.00001	0.00001	0.00001	0.00001	0.00001	0.00001	0.00001	0.00001	0.00001	0.00001	0.00001	0.00001	0.00001
[Benin,BENBIOCHP01O,*,*]:
2020	2021	2022	2023	2024	2025	2026	2027	2028	2029	2030	2031	2032	2033	2034	2035	2036	2037	2038	2039	2040:=	
1	0.00001	0.00001	0.00001	0.00001	0.00001	0.00001	0.00001	0.00001	0.00001	0.00001	0.00001	0.00001	0.00001	0.00001	0.00001	0.00001	0.00001	0.00001	0.00001	0.00001	0.00001
[Benin,BENCOAPRP00X,*,*]:
2020	2021	2022	2023	2024	2025	2026	2027	2028	2029	2030	2031	2032	2033	2034	2035	2036	2037	2038	2039	2040:=	
1	999999	999999	999999	999999	999999	999999	999999	999999	999999	999999	999999	999999	999999	999999	999999	999999	999999	999999	999999	999999	999999
[Benin,BENCOASCC01N,*,*]:
2020	2021	2022	2023	2024	2025	2026	2027	2028	2029	2030	2031	2032	2033	2034	2035	2036	2037	2038	2039	2040:=	
1	0.00001	0.00001	0.00001	0.00001	0.00001	0.00001	0.00001	0.00001	0.00001	0.00001	0.00001	0.00001	0.00001	0.00001	0.00001	0.00001	0.00001	0.00001	0.00001	0.00001	0.00001
[Benin,BENCOASCP01N,*,*]:
2020	2021	2022	2023	2024	2025	2026	2027	2028	2029	2030	2031	2032	2033	2034	2035	2036	2037	2038	2039	2040:=	
1	0.00001	0.00001	0.00001	0.00001	0.00001	0.00001	0.00001	0.00001	0.00001	0.00001	0.00001	0.00001	0.00001	0.00001	0.00001	0.00001	0.00001	0.00001	0.00001	0.00001	0.00001
[Benin,BENCOASCP01O,*,*]:
2020	2021	2022	2023	2024	2025	2026	2027	2028	2029	2030	2031	2032	2033	2034	2035	2036	2037	2038	2039	2040:=	
1	0.00001	0.00001	0.00001	0.00001	0.00001	0.00001	0.00001	0.00001	0.00001	0.00001	0.00001	0.00001	0.00001	0.00001	0.00001	0.00001	0.00001	0.00001	0.00001	0.00001	0.00001
[Benin,BENCO1IMP00X,*,*]:
2020	2021	2022	2023	2024	2025	2026	2027	2028	2029	2030	2031	2032	2033	2034	2035	2036	2037	2038	2039	2040:=	
1	8.178040465	8.347533532	8.517026598	8.686519665	8.856012732	9.025505798	9.152625598	9.279745398	9.406865198	9.533984998	9.661104798	9.788224598	9.915344398	10.0424642	10.169584	10.2967038	10.39839964	10.50009548	10.60179132	10.70348716	10.805183
[Benin,BENCO1DIP00X,*,*]:
2020	2021	2022	2023	2024	2025	2026	2027	2028	2029	2030	2031	2032	2033	2034	2035	2036	2037	2038	2039	2040:=	
1	0.00001	0.00001	0.00001	0.00001	0.00001	0.00001	0.00001	0.00001	0.00001	0.00001	0.00001	0.00001	0.00001	0.00001	0.00001	0.00001	0.00001	0.00001	0.00001	0.00001	0.00001
[Benin,BENCO1PRP00X,*,*]:
2020	2021	2022	2023	2024	2025	2026	2027	2028	2029	2030	2031	2032	2033	2034	2035	2036	2037	2038	2039	2040:=	
1	7.769138442	7.930156855	8.091175268	8.252193682	8.413212095	8.574230508	8.694994318	8.815758128	8.936521938	9.057285748	9.178049558	9.298813368	9.419577178	9.540340988	9.661104798	9.781868608	9.878479656	9.975090704	10.07170175	10.1683128	10.26492385
[Benin,BENCO1RCP00X,*,*]:
2020	2021	2022	2023	2024	2025	2026	2027	2028	2029	2030	2031	2032	2033	2034	2035	2036	2037	2038	2039	2040:=	
1	0.717753986	0.717753986	0.717753986	0.717753986	0.717753986	0.717753986	0.717753986	0.717753986	0.717753986	0.717753986	0.717753986	0.717753986	0.717753986	0.717753986	0.717753986	0.717753986	0.717753986	0.717753986	0.717753986	0.717753986	0.717753986
[Benin,BENCO1R1P00X,*,*]:
2020	2021	2022	2023	2024	2025	2026	2027	2028	2029	2030	2031	2032	2033	2034	2035	2036	2037	2038	2039	2040:=	
1	0.00001	0.00001	0.00001	0.00001	0.00001	0.00001	0.00001	0.00001	0.00001	0.00001	0.00001	0.00001	0.00001	0.00001	0.00001	0.00001	0.00001	0.00001	0.00001	0.00001	0.00001
[Benin,BENCO1R2P00X,*,*]:
2020	2021	2022	2023	2024	2025	2026	2027	2028	2029	2030	2031	2032	2033	2034	2035	2036	2037	2038	2039	2040:=	
1	0.00001	0.00001	0.00001	0.00001	0.00001	0.00001	0.00001	0.00001	0.00001	0.00001	0.00001	0.00001	0.00001	0.00001	0.00001	0.00001	0.00001	0.00001	0.00001	0.00001	0.00001
[Benin,BENEL1TRP00X,*,*]:
2020	2021	2022	2023	2024	2025	2026	2027	2028	2029	2030	2031	2032	2033	2034	2035	2036	2037	2038	2039	2040:=	
1	0.00001	0.00001	0.00001	0.00001	0.00001	0.00001	0.00001	0.00001	0.00001	0.00001	0.00001	0.00001	0.00001	0.00001	0.00001	0.00001	0.00001	0.00001	0.00001	0.00001	0.00001
[Benin,BENELGHABP00,*,*]:
2020	2021	2022	2023	2024	2025	2026	2027	2028	2029	2030	2031	2032	2033	2034	2035	2036	2037	2038	2039	2040:=	
1	0.00001	0.00001	0.00001	0.00001	0.00001	0.00001	0.00001	0.00001	0.00001	0.00001	0.00001	0.00001	0.00001	0.00001	0.00001	0.00001	0.00001	0.00001	0.00001	0.00001	0.00001
[Benin,BENELNERBP00,*,*]:
2020	2021	2022	2023	2024	2025	2026	2027	2028	2029	2030	2031	2032	2033	2034	2035	2036	2037	2038	2039	2040:=	
1	0.00001	0.00001	0.00001	0.00001	0.00001	0.00001	0.00001	0.00001	0.00001	0.00001	0.00001	0.00001	0.00001	0.00001	0.00001	0.00001	0.00001	0.00001	0.00001	0.00001	0.00001
[Benin,BENHFOGCP01N,*,*]:
2020	2021	2022	2023	2024	2025	2026	2027	2028	2029	2030	2031	2032	2033	2034	2035	2036	2037	2038	2039	2040:=	
1	0.00001	0.00001	0.00001	0.00001	0.00001	0.00001	0.00001	0.00001	0.00001	0.00001	0.00001	0.00001	0.00001	0.00001	0.00001	0.00001	0.00001	0.00001	0.00001	0.00001	0.00001
[Benin,BENHFOGCP01O,*,*]:
2020	2021	2022	2023	2024	2025	2026	2027	2028	2029	2030	2031	2032	2033	2034	2035	2036	2037	2038	2039	2040:=	
1	0.00001	0.00001	0.00001	0.00001	0.00001	0.00001	0.00001	0.00001	0.00001	0.00001	0.00001	0.00001	0.00001	0.00001	0.00001	0.00001	0.00001	0.00001	0.00001	0.00001	0.00001
[Benin,BENHYDSSP00X,*,*]:
2020	2021	2022	2023	2024	2025	2026	2027	2028	2029	2030	2031	2032	2033	2034	2035	2036	2037	2038	2039	2040:=	
1	0.00001	0.00001	0.00001	0.00001	0.00001	0.00001	0.00001	0.00001	0.00001	0.00001	0.00001	0.00001	0.00001	0.00001	0.00001	0.00001	0.00001	0.00001	0.00001	0.00001	0.00001
[Benin,BENHYDMSP00X,*,*]:
2020	2021	2022	2023	2024	2025	2026	2027	2028	2029	2030	2031	2032	2033	2034	2035	2036	2037	2038	2039	2040:=	
1	0.00001	0.00001	0.00001	0.00001	0.00001	0.00001	0.00001	0.00001	0.00001	0.00001	0.00001	0.00001	0.00001	0.00001	0.00001	0.00001	0.00001	0.00001	0.00001	0.00001	0.00001
[Benin,BENHYDLSP00X,*,*]:
2020	2021	2022	2023	2024	2025	2026	2027	2028	2029	2030	2031	2032	2033	2034	2035	2036	2037	2038	2039	2040:=	
1	0.00001	0.00001	0.00001	0.00001	0.00001	0.00001	0.00001	0.00001	0.00001	0.00001	0.00001	0.00001	0.00001	0.00001	0.00001	0.00001	0.00001	0.00001	0.00001	0.00001	0.00001
[Benin,BENLFOIMP00X,*,*]:
2020	2021	2022	2023	2024	2025	2026	2027	2028	2029	2030	2031	2032	2033	2034	2035	2036	2037	2038	2039	2040:=	
1	10.55752112	10.67602675	10.79045915	10.90081833	11.00710429	11.10931703	11.15580928	11.19924661	11.23962903	11.27695652	11.3112291	11.46006107	11.60889303	11.75772499	11.90655695	12.05538891	12.17445448	12.29352005	12.41258562	12.53165119	12.65071676
[Benin,BENLFORCP01N,*,*]:
2020	2021	2022	2023	2024	2025	2026	2027	2028	2029	2030	2031	2032	2033	2034	2035	2036	2037	2038	2039	2040:=	
1	0.00001	0.00001	0.00001	0.00001	0.00001	0.00001	0.00001	0.00001	0.00001	0.00001	0.00001	0.00001	0.00001	0.00001	0.00001	0.00001	0.00001	0.00001	0.00001	0.00001	0.00001
[Benin,BENLFORCP01O,*,*]:
2020	2021	2022	2023	2024	2025	2026	2027	2028	2029	2030	2031	2032	2033	2034	2035	2036	2037	2038	2039	2040:=	
1	0.00001	0.00001	0.00001	0.00001	0.00001	0.00001	0.00001	0.00001	0.00001	0.00001	0.00001	0.00001	0.00001	0.00001	0.00001	0.00001	0.00001	0.00001	0.00001	0.00001	0.00001
[Benin,BENLNGIMP00X,*,*]:
2020	2021	2022	2023	2024	2025	2026	2027	2028	2029	2030	2031	2032	2033	2034	2035	2036	2037	2038	2039	2040:=	
1	10.15849068	10.19961817	10.24074566	10.28187315	10.32300065	10.36412814	10.33945164	10.31477515	10.29009865	10.26542216	10.24074566	10.29009865	10.33945164	10.38880464	10.43815763	10.48751062	10.5615401	10.63556959	10.70959908	10.78362856	10.85765805
[Benin,BENNGAPRP00X,*,*]:
2020	2021	2022	2023	2024	2025	2026	2027	2028	2029	2030	2031	2032	2033	2034	2035	2036	2037	2038	2039	2040:=	
1	8.290262506	8.279596003	8.268572804	8.257192908	8.245456316	8.233363028	8.168923081	8.10469715	8.040685238	7.976887343	7.913303466	7.951439868	7.989576271	8.027712673	8.065849075	8.103985477	8.161190081	8.218394684	8.275599287	8.332803891	8.390008494
[Benin,BENNGACCC01N,*,*]:
2020	2021	2022	2023	2024	2025	2026	2027	2028	2029	2030	2031	2032	2033	2034	2035	2036	2037	2038	2039	2040:=	
1	0.00001	0.00001	0.00001	0.00001	0.00001	0.00001	0.00001	0.00001	0.00001	0.00001	0.00001	0.00001	0.00001	0.00001	0.00001	0.00001	0.00001	0.00001	0.00001	0.00001	0.00001
[Benin,BENNGACCP01N,*,*]:
2020	2021	2022	2023	2024	2025	2026	2027	2028	2029	2030	2031	2032	2033	2034	2035	2036	2037	2038	2039	2040:=	
1	0.00001	0.00001	0.00001	0.00001	0.00001	0.00001	0.00001	0.00001	0.00001	0.00001	0.00001	0.00001	0.00001	0.00001	0.00001	0.00001	0.00001	0.00001	0.00001	0.00001	0.00001
[Benin,BENNGACCP01O,*,*]:
2020	2021	2022	2023	2024	2025	2026	2027	2028	2029	2030	2031	2032	2033	2034	2035	2036	2037	2038	2039	2040:=	
1	0.00001	0.00001	0.00001	0.00001	0.00001	0.00001	0.00001	0.00001	0.00001	0.00001	0.00001	0.00001	0.00001	0.00001	0.00001	0.00001	0.00001	0.00001	0.00001	0.00001	0.00001
[Benin,BENNGAGCP01N,*,*]:
2020	2021	2022	2023	2024	2025	2026	2027	2028	2029	2030	2031	2032	2033	2034	2035	2036	2037	2038	2039	2040:=	
1	0.00001	0.00001	0.00001	0.00001	0.00001	0.00001	0.00001	0.00001	0.00001	0.00001	0.00001	0.00001	0.00001	0.00001	0.00001	0.00001	0.00001	0.00001	0.00001	0.00001	0.00001
[Benin,BENNGAGCP01O,*,*]:
2020	2021	2022	2023	2024	2025	2026	2027	2028	2029	2030	2031	2032	2033	2034	2035	2036	2037	2038	2039	2040:=	
1	0.00001	0.00001	0.00001	0.00001	0.00001	0.00001	0.00001	0.00001	0.00001	0.00001	0.00001	0.00001	0.00001	0.00001	0.00001	0.00001	0.00001	0.00001	0.00001	0.00001	0.00001
[Benin,BENURNPWP01N,*,*]:
2020	2021	2022	2023	2024	2025	2026	2027	2028	2029	2030	2031	2032	2033	2034	2035	2036	2037	2038	2039	2040:=	
1	0.00001	0.00001	0.00001	0.00001	0.00001	0.00001	0.00001	0.00001	0.00001	0.00001	0.00001	0.00001	0.00001	0.00001	0.00001	0.00001	0.00001	0.00001	0.00001	0.00001	0.00001
[Benin,BENURNPWP01O,*,*]:
2020	2021	2022	2023	2024	2025	2026	2027	2028	2029	2030	2031	2032	2033	2034	2035	2036	2037	2038	2039	2040:=	
1	0.00001	0.00001	0.00001	0.00001	0.00001	0.00001	0.00001	0.00001	0.00001	0.00001	0.00001	0.00001	0.00001	0.00001	0.00001	0.00001	0.00001	0.00001	0.00001	0.00001	0.00001
[Benin,BENSOLCNP01X,*,*]:
2020	2021	2022	2023	2024	2025	2026	2027	2028	2029	2030	2031	2032	2033	2034	2035	2036	2037	2038	2039	2040:=	
1	0.00001	0.00001	0.00001	0.00001	0.00001	0.00001	0.00001	0.00001	0.00001	0.00001	0.00001	0.00001	0.00001	0.00001	0.00001	0.00001	0.00001	0.00001	0.00001	0.00001	0.00001
[Benin,BENSOLCSP01X,*,*]:
2020	2021	2022	2023	2024	2025	2026	2027	2028	2029	2030	2031	2032	2033	2034	2035	2036	2037	2038	2039	2040:=	
1	0.00001	0.00001	0.00001	0.00001	0.00001	0.00001	0.00001	0.00001	0.00001	0.00001	0.00001	0.00001	0.00001	0.00001	0.00001	0.00001	0.00001	0.00001	0.00001	0.00001	0.00001
[Benin,BENSOLARP00X,*,*]:
2020	2021	2022	2023	2024	2025	2026	2027	2028	2029	2030	2031	2032	2033	2034	2035	2036	2037	2038	2039	2040:=	
1	0.00001	0.00001	0.00001	0.00001	0.00001	0.00001	0.00001	0.00001	0.00001	0.00001	0.00001	0.00001	0.00001	0.00001	0.00001	0.00001	0.00001	0.00001	0.00001	0.00001	0.00001
[Benin,BENSOLPUP00X,*,*]:
2020	2021	2022	2023	2024	2025	2026	2027	2028	2029	2030	2031	2032	2033	2034	2035	2036	2037	2038	2039	2040:=	
1	0.00001	0.00001	0.00001	0.00001	0.00001	0.00001	0.00001	0.00001	0.00001	0.00001	0.00001	0.00001	0.00001	0.00001	0.00001	0.00001	0.00001	0.00001	0.00001	0.00001	0.00001
[Benin,BENURNIMP00X,*,*]:
2020	2021	2022	2023	2024	2025	2026	2027	2028	2029	2030	2031	2032	2033	2034	2035	2036	2037	2038	2039	2040:=	
1	0.140213149	0.14161528	0.143031433	0.144461747	0.145906365	0.147365429	0.148839083	0.150327474	0.151830748	0.153349056	0.154882546	0.156431372	0.157995686	0.159575642	0.161171399	0.162783113	0.164410944	0.166055053	0.167715604	0.16939276	0.171086688
[Benin,BENURNPRP00X,*,*]:
2020	2021	2022	2023	2024	2025	2026	2027	2028	2029	2030	2031	2032	2033	2034	2035	2036	2037	2038	2039	2040:=	
1	0	0	0	0	0	0	0	0	0	0	0	0	0	0	0	0	0	0	0	0	0
[Benin,BENWINPRP00X,*,*]:
2020	2021	2022	2023	2024	2025	2026	2027	2028	2029	2030	2031	2032	2033	2034	2035	2036	2037	2038	2039	2040:=	
1	0.00001	0.00001	0.00001	0.00001	0.00001	0.00001	0.00001	0.00001	0.00001	0.00001	0.00001	0.00001	0.00001	0.00001	0.00001	0.00001	0.00001	0.00001	0.00001	0.00001	0.00001
[Benin,WI31ph,*,*]:
2020	2021	2022	2023	2024	2025	2026	2027	2028	2029	2030	2031	2032	2033	2034	2035	2036	2037	2038	2039	2040:=	
1	0.00001	0.00001	0.00001	0.00001	0.00001	0.00001	0.00001	0.00001	0.00001	0.00001	0.00001	0.00001	0.00001	0.00001	0.00001	0.00001	0.00001	0.00001	0.00001	0.00001	0.00001
[Benin,BENWINOFP00X,*,*]:
2020	2021	2022	2023	2024	2025	2026	2027	2028	2029	2030	2031	2032	2033	2034	2035	2036	2037	2038	2039	2040:=	
1	0.00001	0.00001	0.00001	0.00001	0.00001	0.00001	0.00001	0.00001	0.00001	0.00001	0.00001	0.00001	0.00001	0.00001	0.00001	0.00001	0.00001	0.00001	0.00001	0.00001	0.00001
[Benin,GHAELBENBP00,*,*]:
2020	2021	2022	2023	2024	2025	2026	2027	2028	2029	2030	2031	2032	2033	2034	2035	2036	2037	2038	2039	2040:=	
1	0.00001	0.00001	0.00001	0.00001	0.00001	0.00001	0.00001	0.00001	0.00001	0.00001	0.00001	0.00001	0.00001	0.00001	0.00001	0.00001	0.00001	0.00001	0.00001	0.00001	0.00001
[Benin,NERELBENBP00,*,*]:
2020	2021	2022	2023	2024	2025	2026	2027	2028	2029	2030	2031	2032	2033	2034	2035	2036	2037	2038	2039	2040:=	
1	0.00001	0.00001	0.00001	0.00001	0.00001	0.00001	0.00001	0.00001	0.00001	0.00001	0.00001	0.00001	0.00001	0.00001	0.00001	0.00001	0.00001	0.00001	0.00001	0.00001	0.00001
[Benin,TGOELBENBP00,*,*]:
2020	2021	2022	2023	2024	2025	2026	2027	2028	2029	2030	2031	2032	2033	2034	2035	2036	2037	2038	2039	2040:=	
1	0.00001	0.00001	0.00001	0.00001	0.00001	0.00001	0.00001	0.00001	0.00001	0.00001	0.00001	0.00001	0.00001	0.00001	0.00001	0.00001	0.00001	0.00001	0.00001	0.00001	0.00001
[Benin,NGAELBENBP00,*,*]:
2020	2021	2022	2023	2024	2025	2026	2027	2028	2029	2030	2031	2032	2033	2034	2035	2036	2037	2038	2039	2040:=	
1	0.00001	0.00001	0.00001	0.00001	0.00001	0.00001	0.00001	0.00001	0.00001	0.00001	0.00001	0.00001	0.00001	0.00001	0.00001	0.00001	0.00001	0.00001	0.00001	0.00001	0.00001
[Benin,BENGEOCVP01O,*,*]:
2020	2021	2022	2023	2024	2025	2026	2027	2028	2029	2030	2031	2032	2033	2034	2035	2036	2037	2038	2039	2040:=	
1	0.00001	0.00001	0.00001	0.00001	0.00001	0.00001	0.00001	0.00001	0.00001	0.00001	0.00001	0.00001	0.00001	0.00001	0.00001	0.00001	0.00001	0.00001	0.00001	0.00001	0.00001
[Benin,BENGEOCVP01N,*,*]:
2020	2021	2022	2023	2024	2025	2026	2027	2028	2029	2030	2031	2032	2033	2034	2035	2036	2037	2038	2039	2040:=	
1	0.00001	0.00001	0.00001	0.00001	0.00001	0.00001	0.00001	0.00001	0.00001	0.00001	0.00001	0.00001	0.00001	0.00001	0.00001	0.00001	0.00001	0.00001	0.00001	0.00001	0.00001
;

param Conversionlh default 0 :=
;

param ReserveMarginTagFuel default 0 :=
;

param DepreciationMethod default 1 :=
;

#MW
param TotalAnnualMaxCapacityInvestment default 99999999999 :=
[Benin,*,*]:																									
2020	2021	2022	2023	2024	2025	2026	2027	2028	2029	2030	2031	2032	2033	2034	2035	2036	2037	2038	2039	2040:=	
BENBIOCHC01N	0	999999000	999999000	999999000	999999000	999999000	999999000	999999000	999999000	999999000	999999000	999999000	999999000	999999000	999999000	999999000	999999000	999999000	999999000	999999000	999999000
BENBIOCHP01N	0	999999000	999999000	999999000	999999000	999999000	999999000	999999000	999999000	999999000	999999000	999999000	999999000	999999000	999999000	999999000	999999000	999999000	999999000	999999000	999999000
BENBIOCHP01O	0	0	0	0	0	0	0	0	0	0	0	0	0	0	0	0	0	0	0	0	0
BENCOASCC01N	0	0	0	0	0	0	0	0	0	0	0	0	0	0	0	0	0	0	0	0	0
BENCOASCP01N	0	0	0	999999000	999999000	999999000	999999000	999999000	999999000	999999000	999999000	999999000	999999000	999999000	999999000	999999000	999999000	999999000	999999000	999999000	999999000
BENCOASCP01O	0	0	0	0	0	0	0	0	0	0	0	0	0	0	0	0	0	0	0	0	0
BENCO1RCP00X	0	0	0	0	0	999999000	999999000	999999000	999999000	999999000	999999000	999999000	999999000	999999000	999999000	999999000	999999000	999999000	999999000	999999000	999999000
BENCO1R1P00X	999999000	999999000	999999000	999999000	999999000	999999000	999999000	999999000	999999000	999999000	999999000	999999000	999999000	999999000	999999000	999999000	999999000	999999000	999999000	999999000	999999000
BENCO1R2P00X	999999000	999999000	999999000	999999000	999999000	999999000	999999000	999999000	999999000	999999000	999999000	999999000	999999000	999999000	999999000	999999000	999999000	999999000	999999000	999999000	999999000
BENEL1TRP00X	999999000	999999000	999999000	999999000	999999000	999999000	999999000	999999000	999999000	999999000	999999000	999999000	999999000	999999000	999999000	999999000	999999000	999999000	999999000	999999000	999999000
BENELGHABP00	654600	0	0	0	0	0	0	0	0	0	0	0	0	0	0	0	0	0	0	0	0
BENELNERBP00	0	0	330000	330000	330000	330000	330000	330000	330000	330000	330000	330000	330000	330000	330000	330000	330000	330000	330000	330000	330000
BENHFOGCP01N	0	999999000	999999000	999999000	999999000	999999000	999999000	999999000	999999000	999999000	999999000	999999000	999999000	999999000	999999000	999999000	999999000	999999000	999999000	999999000	999999000
BENHFOGCP01O	0	0	0	0	0	0	0	0	0	0	0	0	0	0	0	0	0	0	0	0	0
BENHYDSSP00X	0	0	0	999999000	999999000	999999000	999999000	999999000	999999000	999999000	999999000	999999000	999999000	999999000	999999000	999999000	999999000	999999000	999999000	999999000	999999000
BENHYDMSP00X	0	0	0	999999000	999999000	999999000	999999000	999999000	999999000	999999000	999999000	999999000	999999000	999999000	999999000	999999000	999999000	999999000	999999000	999999000	999999000
BENHYDLSP00X	147000	0	0	999999000	999999000	999999000	999999000	999999000	999999000	999999000	999999000	999999000	999999000	999999000	999999000	999999000	999999000	999999000	999999000	999999000	999999000
BENLFORCP01N	0	999999000	999999000	999999000	999999000	999999000	999999000	999999000	999999000	999999000	999999000	999999000	999999000	999999000	999999000	999999000	999999000	999999000	999999000	999999000	999999000
BENLFORCP01O	0	0	0	0	0	0	0	0	0	0	0	0	0	0	0	0	0	0	0	0	0
BENLNGIMP00X	0	0	0	0	0	999999000	999999000	999999000	999999000	999999000	999999000	999999000	999999000	999999000	999999000	999999000	999999000	999999000	999999000	999999000	999999000
BENNGACCC01N	0	0	0	0	0	0	0	0	0	0	0	0	0	0	0	0	0	0	0	0	0
BENNGACCP01N	999999000	999999000	999999000	999999000	999999000	999999000	999999000	999999000	999999000	999999000	999999000	999999000	999999000	999999000	999999000	999999000	999999000	999999000	999999000	999999000	999999000
BENNGACCP01O	0	0	0	0	0	0	0	0	0	0	0	0	0	0	0	0	0	0	0	0	0
BENNGAGCP01N	999999000	999999000	999999000	999999000	999999000	999999000	999999000	999999000	999999000	999999000	999999000	999999000	999999000	999999000	999999000	999999000	999999000	999999000	999999000	999999000	999999000
BENNGAGCP01O	999999000	0	0	0	0	0	0	0	0	0	0	0	0	0	0	0	0	0	0	0	0
BENURNPWP01N	0	0	0	0	0	0	0	999999000	999999000	999999000	999999000	999999000	999999000	999999000	999999000	999999000	999999000	999999000	999999000	999999000	999999000
BENURNPWP01O	0	0	0	0	0	0	0	0	0	0	0	0	0	0	0	0	0	0	0	0	0
BENSOLCNP01X	0	100000	100000	100000	100000	100000	100000	100000	100000	100000	100000	250000	250000	250000	250000	250000	250000	250000	250000	250000	250000
BENSOLCSP01X	0	100000	100000	100000	100000	100000	100000	100000	100000	100000	100000	250000	250000	250000	250000	250000	250000	250000	250000	250000	250000
BENSOLPUP00X	100000	100000	100000	100000	100000	100000	100000	100000	100000	100000	100000	250000	250000	250000	250000	250000	250000	250000	250000	250000	250000
WI31ph	0	999999000	999999000	999999000	999999000	999999000	999999000	999999000	999999000	999999000	999999000	999999000	999999000	999999000	999999000	999999000	999999000	999999000	999999000	999999000	999999000
BENWINOFP00X	0	0	999999000	999999000	999999000	999999000	999999000	999999000	999999000	999999000	999999000	999999000	999999000	999999000	999999000	999999000	999999000	999999000	999999000	999999000	999999000
GHAELBENBP00	0	0	0	0	0	0	0	0	0	0	0	0	0	0	0	0	0	0	0	0	0
NERELBENBP00	0	0	0	0	0	0	0	0	0	0	30000	30000	30000	30000	30000	30000	30000	30000	30000	30000	30000
NGAELBENBP00	0	0	0	0	0	0	0	65000	126000	173000	130000	494000	494000	494000	494000	494000	494000	494000	494000	494000	494000
TGOELBENBP00	0	0	0	0	0	0	0	0	0	0	0	0	0	0	0	0	0	0	0	0	0
Imports 0	0	0	0	0	0	0	0	0	0	0	0	0	0	0	0	0	0	0	0	0
;


param TechnologyToStorage default 0 :=
;

#TJ
param TotalTechnologyAnnualActivityLowerLimit default 0 :=
[Benin,*,*]:																									
2020	2021	2022	2023	2024	2025	2026	2027	2028	2029	2030	2031	2032	2033	2034	2035	2036	2037	2038	2039	2040:=	
BENHFOGCP01O	424.2922061	418.0775958	411.8629855	105.6483752	99.43376486	93.21915456	87.00454426	80.78993395	74.57532365	68.36071334	62.14610304	55.93149274	49.71688243	43.50227213	37.28766182	31.07305152	24.85844122	18.64383091	12.42922061	6.214610304	0
BENLFORCP01O	441.459282	419.3863179	397.3133538	375.2403897	353.1674256	331.0944615	309.0214974	286.9485333	264.8755692	242.8026051	220.729641	198.6566769	176.5837128	154.5107487	132.4377846	110.3648205	88.29185639	66.21889229	44.1459282	22.0729641	0
BENNGAGCP01O	2196	2196 1363.7488384	543.5405696	323.3323008	303.124032	282.9157632	262.7074944	242.4992256	222.2909568	202.082688	181.8744192	161.6661504	141.4578816	121.2496128	101.041344	80.8330752	60.6248064	40.4165376	20.2082688	0
;

param DaySplit default 0 :=
;

param SpecifiedDemandProfile default 0 :=
;

param OutputActivityRatio default 0 :=
[Benin,Imports,BENEL1,*,*]:
2020	2021	2022	2023	2024	2025	2026	2027	2028	2029	2030	2031	2032	2033	2034	2035	2036	2037	2038	2039	2040:=	
1	1	1	1	1	1	1	1	1	1	1	1	1	1	1	1	1	1	1	1	1	1
[Benin,BENBACKSTOP,BENEL1,*,*]:
2020	2021	2022	2023	2024	2025	2026	2027	2028	2029	2030	2031	2032	2033	2034	2035	2036	2037	2038	2039	2040:=	
1	1	1	1	1	1	1	1	1	1	1	1	1	1	1	1	1	1	1	1	1	1
[Benin,BENBIOCHC01N,BENEL1,*,*]:
2020	2021	2022	2023	2024	2025	2026	2027	2028	2029	2030	2031	2032	2033	2034	2035	2036	2037	2038	2039	2040:=	
1	1	1	1	1	1	1	1	1	1	1	1	1	1	1	1	1	1	1	1	1	1
[Benin,BENBIOCHP01N,BENEL1,*,*]:
2020	2021	2022	2023	2024	2025	2026	2027	2028	2029	2030	2031	2032	2033	2034	2035	2036	2037	2038	2039	2040:=	
1	1	1	1	1	1	1	1	1	1	1	1	1	1	1	1	1	1	1	1	1	1
[Benin,BENBIOCHP01O,BENEL1,*,*]:
2020	2021	2022	2023	2024	2025	2026	2027	2028	2029	2030	2031	2032	2033	2034	2035	2036	2037	2038	2039	2040:=	
1	1	1	1	1	1	1	1	1	1	1	1	1	1	1	1	1	1	1	1	1	1
[Benin,BENBIOIMP00X,BENBIO,*,*]:
2020	2021	2022	2023	2024	2025	2026	2027	2028	2029	2030	2031	2032	2033	2034	2035	2036	2037	2038	2039	2040:=	
1	1	1	1	1	1	1	1	1	1	1	1	1	1	1	1	1	1	1	1	1	1
[Benin,BENBIOPRP00X,BENBIO,*,*]:
2020	2021	2022	2023	2024	2025	2026	2027	2028	2029	2030	2031	2032	2033	2034	2035	2036	2037	2038	2039	2040:=	
1	1	1	1	1	1	1	1	1	1	1	1	1	1	1	1	1	1	1	1	1	1
[Benin,HeavyFueloil_IMP,BENHFO,*,*]:
2020	2021	2022	2023	2024	2025	2026	2027	2028	2029	2030	2031	2032	2033	2034	2035	2036	2037	2038	2039	2040:=	
1	0.11	0.11	0.11	0.11	0.11	0.11	0.11	0.11	0.11	0.11	0.11	0.11	0.11	0.11	0.11	0.11	0.11	0.11	0.11	0.11	0.11
[Benin,COAL_IMP,BENCOA,*,*]:
2020	2021	2022	2023	2024	2025	2026	2027	2028	2029	2030	2031	2032	2033	2034	2035	2036	2037	2038	2039	2040:=	
1	1	1	1	1	1	1	1	1	1	1	1	1	1	1	1	1	1	1	1	1	1
[Benin,DIESEL_IMP,KEDS,*,*]:
2020	2021	2022	2023	2024	2025	2026	2027	2028	2029	2030	2031	2032	2033	2034	2035	2036	2037	2038	2039	2040:=	
1	1	1	1	1	1	1	1	1	1	1	1	1	1	1	1	1	1	1	1	1	1
#[Benin,BENCOAPRP00X,BENCOA,*,*]:
#2020	2021	2022	2023	2024	2025	2026	2027	2028	2029	2030	2031	2032	2033	2034	2035	2036	2037	2038	2039	2040:=	
#1	1	1	1	1	1	1	1	1	1	1	1	1	1	1	1	1	1	1	1	1	1
[Benin,BENCOASCC01N,BENEL1,*,*]:
2020	2021	2022	2023	2024	2025	2026	2027	2028	2029	2030	2031	2032	2033	2034	2035	2036	2037	2038	2039	2040:=	
1	1	1	1	1	1	1	1	1	1	1	1	1	1	1	1	1	1	1	1	1	1
[Benin,BENCOASCP01N,BENEL1,*,*]:
2020	2021	2022	2023	2024	2025	2026	2027	2028	2029	2030	2031	2032	2033	2034	2035	2036	2037	2038	2039	2040:=	
1	1	1	1	1	1	1	1	1	1	1	1	1	1	1	1	1	1	1	1	1	1
[Benin,BENCOASCP01O,BENEL1,*,*]:
2020	2021	2022	2023	2024	2025	2026	2027	2028	2029	2030	2031	2032	2033	2034	2035	2036	2037	2038	2039	2040:=	
1	1	1	1	1	1	1	1	1	1	1	1	1	1	1	1	1	1	1	1	1	1
[Benin,BENEL1TRP00X,TREL2,*,*]:
2020	2021	2022	2023	2024	2025	2026	2027	2028	2029	2030	2031	2032	2033	2034	2035	2036	2037	2038	2039	2040:=	
1	0.95	0.95	0.95	0.95	0.95	0.95	0.95	0.95	0.95	0.95	0.95	0.95	0.95	0.95	0.95	0.95	0.95	0.95	0.95	0.95	0.95
[Benin,BENHFOGCP01N,BENEL1,*,*]:
2020	2021	2022	2023	2024	2025	2026	2027	2028	2029	2030	2031	2032	2033	2034	2035	2036	2037	2038	2039	2040:=	
1	1	1	1	1	1	1	1	1	1	1	1	1	1	1	1	1	1	1	1	1	1
[Benin,BENHFOGCP01O,BENEL1,*,*]:
2020	2021	2022	2023	2024	2025	2026	2027	2028	2029	2030	2031	2032	2033	2034	2035	2036	2037	2038	2039	2040:=	
1	1	1	1	1	1	1	1	1	1	1	1	1	1	1	1	1	1	1	1	1	1
[Benin,BENHYDLSP00X,BENEL1,*,*]:
2020	2021	2022	2023	2024	2025	2026	2027	2028	2029	2030	2031	2032	2033	2034	2035	2036	2037	2038	2039	2040:=	
1	1	1	1	1	1	1	1	1	1	1	1	1	1	1	1	1	1	1	1	1	1
[Benin,BENHYDMSP00X,BENEL1,*,*]:
2020	2021	2022	2023	2024	2025	2026	2027	2028	2029	2030	2031	2032	2033	2034	2035	2036	2037	2038	2039	2040:=	
1	1	1	1	1	1	1	1	1	1	1	1	1	1	1	1	1	1	1	1	1	1
[Benin,BENHYDSSP00X,BENEL1,*,*]:
2020	2021	2022	2023	2024	2025	2026	2027	2028	2029	2030	2031	2032	2033	2034	2035	2036	2037	2038	2039	2040:=	
1	1	1	1	1	1	1	1	1	1	1	1	1	1	1	1	1	1	1	1	1	1
[Benin,BENLFOIMP00X,BENLFO,*,*]:
2020	2021	2022	2023	2024	2025	2026	2027	2028	2029	2030	2031	2032	2033	2034	2035	2036	2037	2038	2039	2040:=	
1	1	1	1	1	1	1	1	1	1	1	1	1	1	1	1	1	1	1	1	1	1
[Benin,BENLFORCP01N,BENEL1,*,*]:
2020	2021	2022	2023	2024	2025	2026	2027	2028	2029	2030	2031	2032	2033	2034	2035	2036	2037	2038	2039	2040:=	
1	1	1	1	1	1	1	1	1	1	1	1	1	1	1	1	1	1	1	1	1	1
[Benin,BENLFORCP01O,BENEL1,*,*]:
2020	2021	2022	2023	2024	2025	2026	2027	2028	2029	2030	2031	2032	2033	2034	2035	2036	2037	2038	2039	2040:=	
1	1	1	1	1	1	1	1	1	1	1	1	1	1	1	1	1	1	1	1	1	1
[Benin,GAS_IMP,BENGAS,*,*]:
2020	2021	2022	2023	2024	2025	2026	2027	2028	2029	2030	2031	2032	2033	2034	2035	2036	2037	2038	2039	2040:=	
1	0.975	0.975	0.975	0.975	0.975	0.975	0.975	0.975	0.975	0.975	0.975	0.975	0.975	0.975	0.975	0.975	0.975	0.975	0.975	0.975	0.975
[Benin,BENNGACCC01N,BENEL1,*,*]:
2020	2021	2022	2023	2024	2025	2026	2027	2028	2029	2030	2031	2032	2033	2034	2035	2036	2037	2038	2039	2040:=	
1	1	1	1	1	1	1	1	1	1	1	1	1	1	1	1	1	1	1	1	1	1
[Benin,BENNGACCP01N,BENEL1,*,*]:
2020	2021	2022	2023	2024	2025	2026	2027	2028	2029	2030	2031	2032	2033	2034	2035	2036	2037	2038	2039	2040:=	
1	1	1	1	1	1	1	1	1	1	1	1	1	1	1	1	1	1	1	1	1	1
[Benin,BENNGACCP01O,BENEL1,*,*]:
2020	2021	2022	2023	2024	2025	2026	2027	2028	2029	2030	2031	2032	2033	2034	2035	2036	2037	2038	2039	2040:=	
1	1	1	1	1	1	1	1	1	1	1	1	1	1	1	1	1	1	1	1	1	1
[Benin,BENNGAGCP01N,BENEL1,*,*]:
2020	2021	2022	2023	2024	2025	2026	2027	2028	2029	2030	2031	2032	2033	2034	2035	2036	2037	2038	2039	2040:=	
1	1	1	1	1	1	1	1	1	1	1	1	1	1	1	1	1	1	1	1	1	1
[Benin,BENNGAGCP01O,BENEL1,*,*]:
2020	2021	2022	2023	2024	2025	2026	2027	2028	2029	2030	2031	2032	2033	2034	2035	2036	2037	2038	2039	2040:=	
1	1	1	1	1	1	1	1	1	1	1	1	1	1	1	1	1	1	1	1	1	1
[Benin,BENSOLPUP00X,BENEL1,*,*]:
2020	2021	2022	2023	2024	2025	2026	2027	2028	2029	2030	2031	2032	2033	2034	2035	2036	2037	2038	2039	2040:=	
		1	1	1	1	1	1	1	1	1	1	1	1	1	1	1	1	1	1	1	1	1	1
[Benin,BENURNIMP00X,BENURN,*,*]:
2020	2021	2022	2023	2024	2025	2026	2027	2028	2029	2030	2031	2032	2033	2034	2035	2036	2037	2038	2039	2040:=	
1	1	1	1	1	1	1	1	1	1	1	1	1	1	1	1	1	1	1	1	1	1
[Benin,BENURNPRP00X,BENURN,*,*]:
2020	2021	2022	2023	2024	2025	2026	2027	2028	2029	2030	2031	2032	2033	2034	2035	2036	2037	2038	2039	2040:=	
1	1	1	1	1	1	1	1	1	1	1	1	1	1	1	1	1	1	1	1	1	1
[Benin,BENURNPWP01N,BENEL1,*,*]:
2020	2021	2022	2023	2024	2025	2026	2027	2028	2029	2030	2031	2032	2033	2034	2035	2036	2037	2038	2039	2040:=	
1	1	1	1	1	1	1	1	1	1	1	1	1	1	1	1	1	1	1	1	1	1
[Benin,BENURNPWP01O,BENEL1,*,*]:
2020	2021	2022	2023	2024	2025	2026	2027	2028	2029	2030	2031	2032	2033	2034	2035	2036	2037	2038	2039	2040:=	
1	1	1	1	1	1	1	1	1	1	1	1	1	1	1	1	1	1	1	1	1	1
[Benin,BENWINOFP00X,BENEL1,*,*]:
2020	2021	2022	2023	2024	2025	2026	2027	2028	2029	2030	2031	2032	2033	2034	2035	2036	2037	2038	2039	2040:=	
1	1	1	1	1	1	1	1	1	1	1	1	1	1	1	1	1	1	1	1	1	1
[Benin,WI31ph,BENEL1,*,*]:
2020	2021	2022	2023	2024	2025	2026	2027	2028	2029	2030	2031	2032	2033	2034	2035	2036	2037	2038	2039	2040:=	
1	1	1	1	1	1	1	1	1	1	1	1	1	1	1	1	1	1	1	1	1	1
;

param DiscountRate default
;

param FixedCost default 0 :=
[Benin,*,*]:
2020	2021	2022	2023	2024	2025	2026	2027	2028	2029	2030	2031	2032	2033	2034	2035	2036	2037	2038	2039	2040:=	
BENBACKSTOP	9999999	9999999	9999999	9999999	9999999	9999999	9999999	9999999	9999999	9999999	9999999	9999999	9999999	9999999	9999999	9999999	9999999	9999999	9999999	9999999	9999999
BENBIOCHC01N	89.8912	88.5024	87.1136	85.7248	84.336	82.9472	81.5584	80.1696	78.7808	77.392	76.7088	76.0256	75.3424	74.6592	73.976	73.2928	72.6096	71.9264	71.2432	70.56	70.404
BENBIOCHP01N	75	75	75	75	75	75	75	75	75	75	75	74.5	74	73.5	73	72.5	72	71.5	71	70.5	70
BENBIOCHP01O	75	75	75	75	75	75	75	75	75	75	75	74.5	74	73.5	73	72.5	72	71.5	71	70.5	70
BENCOASCC01N	175	174	173	172	171	170	169	168	167	166	165	163.5	162	160.5	159	157.5	156	154.5	153	151.5	150
BENCOASCP01N	60	60	60	60	60	60	60	60	60	60	60	60	60	60	60	60	60	60	60	60	60
BENCOASCP01O	60	60	60	60	60	60	60	60	60	60	60	60	60	60	60	60	60	60	60	60	60
BENHFOGCP01N	44	44	44	44	44	44	44	44	44	44	44	44	44	44	44	44	44	44	44	44	44
BENHFOGCP01O	44	44	44	44	44	44	44	44	44	44	44	44	44	44	44	44	44	44	44	44	44
BENHYDSSP00X	60	60	60	60	60	60	60	60	60	60	60	60	60	60	60	60	60	60	60	60	60
BENHYDMSP00X	50	50	50	50	50	50	50	50	50	50	50	50	50	50	50	50	50	50	50	50	50
BENHYDLSP00X	50	50	50	50	50	50	50	50	50	50	50	50	50	50	50	50	50	50	50	50	50
BENLFORCP01N	35	35	35	35	35	35	35	35	35	35	35	35	35	35	35	35	35	35	35	35	35
BENLFORCP01O	35	35	35	35	35	35	35	35	35	35	35	35	35	35	35	35	35	35	35	35	35
BENNGACCC01N	85	84.5	84	83.5	83	82.5	82	81.5	81	80.5	80	79.5	79	78.5	78	77.5	77	76.5	76	75.5	75
BENNGACCP01N	25	25	25	25	25	25	25	25	25	25	25	25	25	25	25	25	25	25	25	25	25
BENNGACCP01O	25	25	25	25	25	25	25	25	25	25	25	25	25	25	25	25	25	25	25	25	25
BENNGAGCP01N	20	20	20	20	20	20	20	20	20	20	20	20	20	20	20	20	20	20	20	20	20
BENNGAGCP01O	20	20	20	20	20	20	20	20	20	20	20	20	20	20	20	20	20	20	20	20	20
BENURNPWP01N	170	170	170	170	170	170	170	170	170	170	170	170	170	170	170	170	170	170	170	170	170
BENURNPWP01O	170	170	170	170	170	170	170	170	170	170	170	170	170	170	170	170	170	170	170	170	170
BENSOLCNP01X	200	196	192	188	184	180	176	172	168	164	160	158	156	154	152	150	148	146	144	142	140
BENSOLCSP01X	228	224	220	216	212	208	204	200	196	192	188	186	184	182	180	178	176	174	172	170	168
BENSOLPUP00X	24	23.8	23.6	23.4	23.2	23	22.8	22.6	22.4	22.2	22	22	22	22	22	22	22	22	22	22	22
WI31ph	48	48	48	48	48	48	48	48	48	48	48	47.8	47.6	47.4	47.2	47	46.8	46.6	46.4	46.2	46
BENWINOFP00X	115	111.5	108	104.5	101	97.5	94	90.5	87	83.5	80	79	78	77	76	75	74	73	72	71	70
;

param TotalAnnualMinCapacityInvestment default 0 :=

;

param Conversionls default 0 :=
;

param CapitalCostStorage default 0 :=
;

param StorageLevelStart default 0 :=
;

param TotalTechnologyModelPeriodActivityLowerLimit default 0 :=
;

param MinStorageCharge default 0 :=
;

param CapacityFactor default 1 :=

;

param OperationalLifeStorage default 99 :=
;

param Conversionld default 0 :=
;

param OperationalLife default 1 :=
Benin	BENBACKSTOP	1
Benin	BENBIOCHC01N	40
Benin	BENBIOCHP01N	40
Benin	BENBIOCHP01O	40
Benin	BENBIOIMP00X	100
Benin	BENBIOPRP00X	35
Benin	BENCO1DIP00X	100
Benin	BENCO1IMP00X	100
Benin	BENCO1PRP00X	35
Benin	BENCO1R1P00X	35
Benin	BENCO1R2P00X	35
Benin	BENCO1RCP00X	35
Benin	COAL_IMP	100
Benin	BENCOAPRP00X	35
Benin	BENCOASCC01N	30
Benin	BENCOASCP01N	30
Benin	BENCOASCP01O	30
Benin	BENEL1TRP00X	70
Benin	BENELGHABP00	100
Benin	BENELNERBP00	100
Benin	GAS_IMP	100
Benin	BENHFOGCP01N	25
Benin	BENHFOGCP01O	25
Benin	HeavyFueloil_IMP	100
Benin	BENHYDLSP00X	80
Benin	BENHYDMSP00X	80
Benin	BENHYDSSP00X	80
Benin	BENLFOIMP00X	100
Benin	BENLFORCP01N	25
Benin	BENLFORCP01O	25
#Benin	GAS_IMP	25
Benin	BENNGACCC01N	30
Benin	BENNGACCP01N	30
Benin	BENNGACCP01O	30
Benin	BENNGAGCP01N	25
Benin	BENNGAGCP01O	25
Benin	BENNGAPRP00X	35
Benin	BENSOLARP00X	100
Benin	BENSOLCNP01X	25
Benin	BENSOLCSP01X	25
Benin	BENSOLPUP00X	25
Benin	BENURNIMP00X	100
Benin	BENURNPRP00X	50
Benin	BENURNPWP01N	60
Benin	BENURNPWP01O	60
Benin	BENWINOFP00X	25
Benin	BENWINPRP00X	100
Benin	GHAELBENBP00	100
Benin	NERELBENBP00	100
Benin	NGAELBENBP00	100
Benin	TGOELBENBP00	100
Benin	WI31ph	25
;

param TotalAnnualMaxCapacity default 99999999999 :=
[Benin,*,*]:																									
2020	2021	2022	2023	2024	2025	2026	2027	2028	2029	2030	2031	2032	2033	2034	2035	2036	2037	2038	2039	2040:=
BENELGHABP00	654600	654600	654600	654600	654600	654600	654600	654600	654600	654600	654600	654600	654600	654600	654600	654600	654600	654600	654600	654600	654600
BENELNERBP00	0	0	330000	330000	330000	330000	330000	330000	330000	330000	330000	330000	330000	330000	330000	330000	330000	330000	330000	330000	330000
BENHYDSSP00X	99999999999	99999999999	99999999999	200000	200000	200000	200000	200000	200000	200000	200000	200000	200000	200000	200000	200000	200000	200000	200000	200000	200000
BENHYDMSP00X	99999999999	99999999999	99999999999	200000	200000	200000	200000	200000	200000	200000	200000	200000	200000	200000	200000	200000	200000	200000	200000	200000	200000
BENHYDLSP00X	99999999999	99999999999	99999999999	800000	800000	800000	800000	800000	800000	800000	800000	800000	800000	800000	800000	800000	800000	800000	800000	800000	800000
GHAELBENBP00	655200	655200	655200	655200	655200	655200	655200	655200	655200	655200	655200	655200	655200	655200	655200	655200	655200	655200	655200	655200	655200
NERELBENBP00	0	0	0	0	0	0	0	0	0	0	30000	30000	30000	30000	30000	30000	30000	30000	30000	30000	30000
NGAELBENBP00	686000	686000	686000	686000	686000	686000	686000	1180000	1180000	1180000	1180000	1180000	1180000	1180000	1180000	1180000	1180000	1180000	1180000	1180000	1180000
TGOELBENBP00	345000	345000	345000	345000	345000	345000	345000	345000	345000	345000	345000	345000	345000	345000	345000	345000	345000	345000	345000	345000	345000
;

param CapacityToActivityUnit default 1 :=
Benin	Imports	31.536
Benin	BENBACKSTOP	31.536
Benin	BENBIOCHC01N	31.536
Benin	BENBIOCHP01N	31.536
Benin	BENBIOCHP01O	31.536
Benin	BENCOASCC01N	31.536
Benin	BENCOASCP01N	31.536
Benin	BENCOASCP01O	31.536
Benin	BENEL1TRP00X	31.536
Benin	BENGEOCVP01N	31.536
Benin	BENGEOCVP01O	31.536
Benin	BENHFOGCP01O	31.536
Benin	BENHYDLSP00X	31.536
Benin	BENHYDMSP00X	31.536
Benin	BENHYDSSP00X	31.536
Benin	BENLFORCP01N	31.536
Benin	BENLFORCP01O	31.536
Benin	BENNGACCC01N	31.536
Benin	BENNGACCP01N	31.536
Benin	BENNGACCP01O	31.536
Benin	BENNGAGCP01O	31.536
Benin	BENSOLCNP01X	31.536
Benin	BENSOLCSP01X	31.536
Benin	BENSOLPUP00X	31.536
Benin	BENURNPWP01N	31.536
Benin	BENURNPWP01O	31.536
Benin	BENWINOFP00X	31.536
Benin	WI31ph	31.536
Benin	BENHFOGCP01N	31.536
Benin	BENELNERBP00	31.536
Benin	BENELGHABP00	31.536
Benin	GHAELBENBP00	31.536
Benin	NERELBENBP00	31.536
Benin	TGOELBENBP00	31.536
Benin	NGAELBENBP00	31.536
;

param AnnualExogenousEmission default 0 :=
;

param ResidualStorageCapacity default 0 :=
;

param TotalAnnualMinCapacity default 0 :=

;

param REMinProductionTarget default 0 :=
;

#check the imports kUSD/MW
param CapitalCost default 0 :=
[Benin,*,*]:
2020	2021	2022	2023	2024	2025	2026	2027	2028	2029	2030	2031	2032	2033	2034	2035	2036	2037	2038	2039	2040:=
BACKSTOP	999999999	999999999	999999999	999999999	999999999	999999999	999999999	999999999	999999999	999999999	999999999	999999999	999999999	999999999	999999999	999999999	999999999	999999999	999999999	999999999	999999999
BENBACKSTOP	999999999	999999999	999999999	999999999	999999999	999999999	999999999	999999999	999999999	999999999	999999999	999999999	999999999	999999999	999999999	999999999	999999999	999999999	999999999	999999999	999999999
BENBIOCHC01N	5361.334272	5311.953562	5262.572851	5213.192141	5163.81143	5114.43072	5065.05001	5015.669299	4966.288589	4916.907878	4867.527168	4816.73558	4765.943992	4715.152404	4664.360817	4613.569229	4562.777641	4511.986053	4461.194465	4410.402877	4359.61129
BENBIOCHP01N	2708.3808	2702.08224	2695.78368	2689.48512	2683.18656	2676.888	2670.58944	2664.29088	2657.99232	2651.69376	2645.3952	2639.09664	2632.79808	2626.49952	2620.20096	2613.9024	2607.60384	2601.30528	2595.00672	2588.70816	2582.4096
BENCOASCC01N	6122.20032	6101.792986	6081.385651	6060.978317	6040.570982	6020.163648	5999.756314	5979.348979	5958.941645	5938.53431	5918.126976	5850.102528	5782.07808	5714.053632	5646.029184	5578.004736	5509.980288	5441.95584	5373.931392	5305.906944	5237.882496
BENCOASCP01N	2176.782336	2176.782336	2176.782336	2176.782336	2176.782336	2176.782336	2176.782336	2176.782336	2176.782336	2176.782336	2176.782336	2176.782336	2176.782336	2176.782336	2176.782336	2176.782336	2176.782336	2176.782336	2176.782336	2176.782336	2176.782336
BENEL1TRP00X	365	365	365	365	365	365	365	365	365	365	365	365	365	365	365	365	365	365	365	365	365
BENHFOGCP01N	1711.1088	1711.1088	1711.1088	1711.1088	1711.1088	1711.1088	1711.1088	1711.1088	1711.1088	1711.1088	1711.1088	1711.1088	1711.1088	1711.1088	1711.1088	1711.1088	1711.1088	1711.1088	1711.1088	1711.1088	1711.1088
BENHYDSSP00X	4489.613568	4489.613568	4489.613568	4489.613568	4489.613568	4489.613568	4489.613568	4489.613568	4489.613568	4489.613568	4489.613568	4489.613568	4489.613568	4489.613568	4489.613568	4489.613568	4489.613568	4489.613568	4489.613568	4489.613568	4489.613568
BENHYDMSP00X	2857.026816	2857.026816	2857.026816	2857.026816	2857.026816	2857.026816	2857.026816	2857.026816	2857.026816	2857.026816	2857.026816	2857.026816	2857.026816	2857.026816	2857.026816	2857.026816	2857.026816	2857.026816	2857.026816	2857.026816	2857.026816
BENHYDLSP00X	2857.026816	2857.026816	2857.026816	2857.026816	2857.026816	2857.026816	2857.026816	2857.026816	2857.026816	2857.026816	2857.026816	2857.026816	2857.026816	2857.026816	2857.026816	2857.026816	2857.026816	2857.026816	2857.026816	2857.026816	2857.026816
BENLFORCP01N	1399.68	1399.68	1399.68	1399.68	1399.68	1399.68	1399.68	1399.68	1399.68	1399.68	1399.68	1399.68	1399.68	1399.68	1399.68	1399.68	1399.68	1399.68	1399.68	1399.68	1399.68
GAS_IMP	0.855	0.855	0.855	0.855	0.855	0.855	0.855	0.855	0.855	0.855	0.855	0.855	0.855	0.855	0.855	0.855	0.855	0.855	0.855	0.855	0.855
BENNGACCC01N	3086.2944	3073.69728	3061.10016	3048.50304	3035.90592	3023.3088	3010.71168	2998.11456	2985.51744	2972.92032	2960.3232	2928.8304	2897.3376	2865.8448	2834.352	2802.8592	2771.3664	2739.8736	2708.3808	2676.888	2645.3952
BENNGACCP01N	881.7984	881.7984	881.7984	881.7984	881.7984	881.7984	881.7984	881.7984	881.7984	881.7984	881.7984	881.7984	881.7984	881.7984	881.7984	881.7984	881.7984	881.7984	881.7984	881.7984	881.7984
BENNGAGCP01N	466.56	466.56	466.56	466.56	466.56	466.56	466.56	466.56	466.56	466.56	466.56	466.56	466.56	466.56	466.56	466.56	466.56	466.56	466.56	466.56	466.56
BENURNPWP01N	6855.297075	6855.297075	6855.297075	6855.297075	6855.297075	6855.297075	6855.297075	6855.297075	6855.297075	6855.297075	6855.297075	6855.297075	6855.297075	6855.297075	6855.297075	6855.297075	6855.297075	6855.297075	6855.297075	6855.297075	6855.297075
BENSOLCNP01X	6361.5456	6229.27584	6097.00608	5964.73632	5832.46656	5700.1968	5567.92704	5435.65728	5303.38752	5171.11776	5038.848	4963.26528	4887.68256	4812.09984	4736.51712	4660.9344	4585.35168	4509.76896	4434.18624	4358.60352	4283.0208
BENSOLCSP01X	8126.402112	7959.868186	7793.334259	7626.800333	7460.266406	7293.73248	7127.198554	6960.664627	6794.130701	6627.596774	6461.062848	6383.464589	6305.86633	6228.26807	6150.669811	6073.071552	5995.473293	5917.875034	5840.276774	5762.678515	5685.080256
BENSOLPUP00X	1795.790277	1727.325773	1658.861269	1590.396764	1521.93226	1453.467756	1385.003251	1316.538747	1248.074243	1179.609738	1111.145234	1094.3097	1077.474166	1060.638633	1043.803099	1026.967565	1010.132031	993.2964971	976.4609633	959.6254294	942.7898956
BENWINOFP00X	5593.12128	5384.009088	5174.896896	4965.784704	4756.672512	4547.56032	4338.448128	4129.335936	3920.223744	3711.111552	3501.99936	3441.533184	3381.067008	3320.600832	3260.134656	3199.66848	3139.202304	3078.736128	3018.269952	2957.803776	2897.3376
BENELNERBP00	2212.12	2212.12	2212.12	2212.12	2212.12	2212.12	2212.12	2212.12	2212.12	2212.12	2212.12	2212.12	2212.12	2212.12	2212.12	2212.12	2212.12	2212.12	2212.12	2212.12	2212.12
BENELGHABP00	179.7	179.7	179.7	179.7	179.7	179.7	179.7	179.7	179.7	179.7	179.7	179.7	179.7	179.7	179.7	179.7	179.7	179.7	179.7	179.7	179.7
GHAELBENBP00	137.4	137.4	137.4	137.4	137.4	137.4	137.4	137.4	137.4	137.4	137.4	137.4	137.4	137.4	137.4	137.4	137.4	137.4	137.4	137.4	137.4
NERELBENBP00	256.4	256.4	256.4	256.4	256.4	256.4	256.4	256.4	256.4	256.4	256.4	256.4	256.4	256.4	256.4	256.4	256.4	256.4	256.4	256.4	256.4
TGOELBENBP00	0	0	0	0	0	0	0	0	0	0	0	0	0	0	0	0	0	0	0	0	0
NGAELBENBP00	254.6	254.6	254.6	254.6	254.6	254.6	254.6	254.6	254.6	254.6	254.6	254.6	254.6	254.6	254.6	254.6	254.6	254.6	254.6	254.6	254.6
;

param StorageMaxChargeRate default 99 :=
;

param TechnologyFromStorage default 0 :=
;

param AvailabilityFactor default 1 :=
[Benin,*,*]:
2020	2021	2022	2023	2024	2025	2026	2027	2028	2029	2030	2031	2032	2033	2034	2035	2036	2037	2038	2039	2040:=
BENBIOCHC01N	0.93	0.93	0.93	0.93	0.93	0.93	0.93	0.93	0.93	0.93	0.93	0.93	0.93	0.93	0.93	0.93	0.93	0.93	0.93	0.93	0.93
BENBIOCHP01N	0.93	0.93	0.93	0.93	0.93	0.93	0.93	0.93	0.93	0.93	0.93	0.93	0.93	0.93	0.93	0.93	0.93	0.93	0.93	0.93	0.93
BENBIOCHP01O	0.93	0.93	0.93	0.93	0.93	0.93	0.93	0.93	0.93	0.93	0.93	0.93	0.93	0.93	0.93	0.93	0.93	0.93	0.93	0.93	0.93
BENCOASCC01N	0.9	0.9	0.9	0.9	0.9	0.9	0.9	0.9	0.9	0.9	0.9	0.9	0.9	0.9	0.9	0.9	0.9	0.9	0.9	0.9	0.9
BENCOASCP01N	0.9	0.9	0.9	0.9	0.9	0.9	0.9	0.9	0.9	0.9	0.9	0.9	0.9	0.9	0.9	0.9	0.9	0.9	0.9	0.9	0.9
BENCOASCP01O	0.9	0.9	0.9	0.9	0.9	0.9	0.9	0.9	0.9	0.9	0.9	0.9	0.9	0.9	0.9	0.9	0.9	0.9	0.9	0.9	0.9
BENHFOGCP01N	0.9	0.9	0.9	0.9	0.9	0.9	0.9	0.9	0.9	0.9	0.9	0.9	0.9	0.9	0.9	0.9	0.9	0.9	0.9	0.9	0.9
BENHFOGCP01O	0.9	0.9	0.9	0.9	0.9	0.9	0.9	0.9	0.9	0.9	0.9	0.9	0.9	0.9	0.9	0.9	0.9	0.9	0.9	0.9	0.9
BENHYDMSP00X	0.95	0.95	0.95	0.95	0.95	0.95	0.95	0.95	0.95	0.95	0.95	0.95	0.95	0.95	0.95	0.95	0.95	0.95	0.95	0.95	0.95
BENHYDLSP00X	0.95	0.95	0.95	0.95	0.95	0.95	0.95	0.95	0.95	0.95	0.95	0.95	0.95	0.95	0.95	0.95	0.95	0.95	0.95	0.95	0.95
BENHYDSSP00X	0.95	0.95	0.95	0.95	0.95	0.95	0.95	0.95	0.95	0.95	0.95	0.95	0.95	0.95	0.95	0.95	0.95	0.95	0.95	0.95	0.95
BENLFORCP01N	0.9	0.9	0.9	0.9	0.9	0.9	0.9	0.9	0.9	0.9	0.9	0.9	0.9	0.9	0.9	0.9	0.9	0.9	0.9	0.9	0.9
BENLFORCP01O	0.9	0.9	0.9	0.9	0.9	0.9	0.9	0.9	0.9	0.9	0.9	0.9	0.9	0.9	0.9	0.9	0.9	0.9	0.9	0.9	0.9
BENNGACCC01N	0.9	0.9	0.9	0.9	0.9	0.9	0.9	0.9	0.9	0.9	0.9	0.9	0.9	0.9	0.9	0.9	0.9	0.9	0.9	0.9	0.9
BENNGACCP01N	0.9	0.9	0.9	0.9	0.9	0.9	0.9	0.9	0.9	0.9	0.9	0.9	0.9	0.9	0.9	0.9	0.9	0.9	0.9	0.9	0.9
BENNGACCP01O	0.9	0.9	0.9	0.9	0.9	0.9	0.9	0.9	0.9	0.9	0.9	0.9	0.9	0.9	0.9	0.9	0.9	0.9	0.9	0.9	0.9
BENNGAGCP01N	0.9	0.9	0.9	0.9	0.9	0.9	0.9	0.9	0.9	0.9	0.9	0.9	0.9	0.9	0.9	0.9	0.9	0.9	0.9	0.9	0.9
BENNGAGCP01O	0.9	0.9	0.9	0.9	0.9	0.9	0.9	0.9	0.9	0.9	0.9	0.9	0.9	0.9	0.9	0.9	0.9	0.9	0.9	0.9	0.9
;

param InputActivityRatio default 0 :=
[Benin, BENBIOCHC01N, BENBIO,*,*]:
2020	2021	2022	2023	2024	2025	2026	2027	2028	2029	2030	2031	2032	2033	2034	2035	2036	2037	2038	2039	2040:=
1	3.225806452	3.215434084	3.205128205	3.194888179	3.184713376	3.174603175	3.164556962	3.154574132	3.144654088	3.134796238	3.125	3.125	3.125	3.125	3.125	3.125	3.125	3.125	3.125	3.125	3.125
[Benin, BENBIOCHP01N, BENBIO,*,*]:
2020	2021	2022	2023	2024	2025	2026	2027	2028	2029	2030	2031	2032	2033	2034	2035	2036	2037	2038	2039	2040:=
1	2.8	2.8	2.8	2.8	2.8	2.8	2.8	2.8	2.8	2.8	2.8	2.8	2.8	2.8	2.8	2.8	2.8	2.8	2.8	2.8	2.8
[Benin, BENBIOCHP01O, BENBIO,*,*]:
2020	2021	2022	2023	2024	2025	2026	2027	2028	2029	2030	2031	2032	2033	2034	2035	2036	2037	2038	2039	2040:=
1	2.8	2.8	2.8	2.8	2.8	2.8	2.8	2.8	2.8	2.8	2.8	2.8	2.8	2.8	2.8	2.8	2.8	2.8	2.8	2.8	2.8
[Benin, BENCOASCC01N, BENCOA,*,*]:
2020	2021	2022	2023	2024	2025	2026	2027	2028	2029	2030	2031	2032	2033	2034	2035	2036	2037	2038	2039	2040:=
1	3.03030303	3.012048193	2.994011976	2.976190476	2.958579882	2.941176471	2.923976608	2.906976744	2.89017341	2.873563218	2.857142857	2.849002849	2.840909091	2.83286119	2.824858757	2.816901408	2.808988764	2.801120448	2.793296089	2.78551532	2.777777778
[Benin, BENCOASCP01N, BENCOA,*,*]:
2020	2021	2022	2023	2024	2025	2026	2027	2028	2029	2030	2031	2032	2033	2034	2035	2036	2037	2038	2039	2040:=
1	2.564	2.564	2.564	2.564	2.564	2.564	2.564	2.564	2.564	2.564	2.564	2.564	2.564	2.564	2.564	2.564	2.564	2.564	2.564	2.564	2.564
[Benin, BENCOASCP01O, BENCOA,*,*]:
2020	2021	2022	2023	2024	2025	2026	2027	2028	2029	2030	2031	2032	2033	2034	2035	2036	2037	2038	2039	2040:=
1	2.564	2.564	2.564	2.564	2.564	2.564	2.564	2.564	2.564	2.564	2.564	2.564	2.564	2.564	2.564	2.564	2.564	2.564	2.564	2.564	2.564
[Benin, BENEL1TRP00X, BENEL1,*,*]:
2020	2021	2022	2023	2024	2025	2026	2027	2028	2029	2030	2031	2032	2033	2034	2035	2036	2037	2038	2039	2040:=
1	1	1	1	1	1	1	1	1	1	1	1	1	1	1	1	1	1	1	1	1	1
[Benin, BENHFOGCP01N, BENHFO,*,*]:
2020	2021	2022	2023	2024	2025	2026	2027	2028	2029	2030	2031	2032	2033	2034	2035	2036	2037	2038	2039	2040:=
1	2.857142857	2.857142857	2.857142857	2.857142857	2.857142857	2.857142857	2.857142857	2.857142857	2.857142857	2.857142857	2.857142857	2.857142857	2.857142857	2.857142857	2.857142857	2.857142857	2.857142857	2.857142857	2.857142857	2.857142857	2.857142857
[Benin, BENHFOGCP01O, BENHFO,*,*]:
2020	2021	2022	2023	2024	2025	2026	2027	2028	2029	2030	2031	2032	2033	2034	2035	2036	2037	2038	2039	2040:=
1	2.857142857	2.857142857	2.857142857	2.857142857	2.857142857	2.857142857	2.857142857	2.857142857	2.857142857	2.857142857	2.857142857	2.857142857	2.857142857	2.857142857	2.857142857	2.857142857	2.857142857	2.857142857	2.857142857	2.857142857	2.857142857
[Benin, BENLFORCP01N, BENLFO,*,*]:
2020	2021	2022	2023	2024	2025	2026	2027	2028	2029	2030	2031	2032	2033	2034	2035	2036	2037	2038	2039	2040:=
1	2.857	2.857	2.857	2.857	2.857	2.857	2.857	2.857	2.857	2.857	2.857	2.857	2.857	2.857	2.857	2.857	2.857	2.857	2.857	2.857	2.857
[Benin, BENLFORCP01O, BENLFO,*,*]:
2020	2021	2022	2023	2024	2025	2026	2027	2028	2029	2030	2031	2032	2033	2034	2035	2036	2037	2038	2039	2040:=
1	2.857	2.857	2.857	2.857	2.857	2.857	2.857	2.857	2.857	2.857	2.857	2.857	2.857	2.857	2.857	2.857	2.857	2.857	2.857	2.857	2.857
[Benin, BENNGACCC01N, BENGAS,*,*]:
2020	2021	2022	2023	2024	2025	2026	2027	2028	2029	2030	2031	2032	2033	2034	2035	2036	2037	2038	2039	2040:=
1	1.960784314	1.956947162	1.953125	1.949317739	1.945525292	1.941747573	1.937984496	1.934235977	1.930501931	1.926782274	1.923076923	1.915708812	1.908396947	1.901140684	1.893939394	1.886792453	1.879699248	1.872659176	1.865671642	1.858736059	1.851851852
[Benin, BENNGACCP01N, BENGAS,*,*]:
2020	2021	2022	2023	2024	2025	2026	2027	2028	2029	2030	2031	2032	2033	2034	2035	2036	2037	2038	2039	2040:=
1	1.724137931	1.721170396	1.718213058	1.715265866	1.712328767	1.709401709	1.706484642	1.703577513	1.700680272	1.697792869	1.694915254	1.692047377	1.689189189	1.686340641	1.683501684	1.680672269	1.677852349	1.675041876	1.672240803	1.669449082	1.666666667
[Benin, BENNGACCP01O, BENGAS,*,*]:
2020	2021	2022	2023	2024	2025	2026	2027	2028	2029	2030	2031	2032	2033	2034	2035	2036	2037	2038	2039	2040:=
1	1.724	1.724	1.724	1.724	1.724	1.724	1.724	1.724	1.724	1.724	1.724	1.724	1.724	1.724	1.724	1.724	1.724	1.724	1.724	1.724	1.724
[Benin, BENNGAGCP01N, BENGAS,*,*]:
2020	2021	2022	2023	2024	2025	2026	2027	2028	2029	2030	2031	2032	2033	2034	2035	2036	2037	2038	2039	2040:=
1	2.631578947	2.624671916	2.617801047	2.610966057	2.604166667	2.597402597	2.590673575	2.583979328	2.577319588	2.570694087	2.564102564	2.551020408	2.538071066	2.525252525	2.512562814	2.5	2.487562189	2.475247525	2.463054187	2.450980392	2.43902439
[Benin, BENNGAGCP01O, BENGAS,*,*]:
2020	2021	2022	2023	2024	2025	2026	2027	2028	2029	2030	2031	2032	2033	2034	2035	2036	2037	2038	2039	2040:=
1	2.631578947	2.631578947	2.631578947	2.631578947	2.631578947	2.631578947	2.631578947	2.631578947	2.631578947	2.631578947	2.631578947	2.631578947	2.631578947	2.631578947	2.631578947	2.631578947	2.631578947	2.631578947	2.631578947	2.631578947	2.631578947
[Benin, BENURNPWP01N, BENURN,*,*]:
2020	2021	2022	2023	2024	2025	2026	2027	2028	2029	2030	2031	2032	2033	2034	2035	2036	2037	2038	2039	2040:=
1	3.03030303	3.03030303	3.03030303	3.03030303	3.03030303	3.03030303	3.03030303	3.03030303	3.03030303	3.03030303	3.03030303	3.03030303	3.03030303	3.03030303	3.03030303	3.03030303	3.03030303	3.03030303	3.03030303	3.03030303	3.03030303
[Benin, BENURNPWP01O, BENURN,*,*]:
2020	2021	2022	2023	2024	2025	2026	2027	2028	2029	2030	2031	2032	2033	2034	2035	2036	2037	2038	2039	2040:=
1	3.03030303	3.03030303	3.03030303	3.03030303	3.03030303	3.03030303	3.03030303	3.03030303	3.03030303	3.03030303	3.03030303	3.03030303	3.03030303	3.03030303	3.03030303	3.03030303	3.03030303	3.03030303	3.03030303	3.03030303	3.03030303
;

param ModelPeriodEmissionLimit default 99999999999 :=
;

param AccumulatedAnnualDemand default 0 :=
;

param EmissionActivityRatio default 0 :=
#kTonnesCO2/TJ 
[Benin, COAL_IMP,CO2,*,*]:
2020	2021	2022	2023	2024	2025	2026	2027	2028	2029	2030	2031	2032	2033	2034	2035	2036	2037	2038	2039	2040:=
1	0.090374363	0.090374363	0.090374363	0.090374363	0.090374363	0.090374363	0.090374363	0.090374363	0.090374363	0.090374363	0.090374363	0.090374363	0.090374363	0.090374363	0.090374363	0.090374363	0.090374363	0.090374363	0.090374363	0.090374363	0.090374363
[Benin, BENCOAPRP00X,CO2,*,*]:
2020	2021	2022	2023	2024	2025	2026	2027	2028	2029	2030	2031	2032	2033	2034	2035	2036	2037	2038	2039	2040:=
1	0.090374363	0.090374363	0.090374363	0.090374363	0.090374363	0.090374363	0.090374363	0.090374363	0.090374363	0.090374363	0.090374363	0.090374363	0.090374363	0.090374363	0.090374363	0.090374363	0.090374363	0.090374363	0.090374363	0.090374363	0.090374363
[Benin, BENCO1IMP00X,CO2,*,*]:
2020	2021	2022	2023	2024	2025	2026	2027	2028	2029	2030	2031	2032	2033	2034	2035	2036	2037	2038	2039	2040:=
1	0.070650288	0.070650288	0.070650288	0.070650288	0.070650288	0.070650288	0.070650288	0.070650288	0.070650288	0.070650288	0.070650288	0.070650288	0.070650288	0.070650288	0.070650288	0.070650288	0.070650288	0.070650288	0.070650288	0.070650288	0.070650288
[Benin, BENCO1PRP00X,CO2,*,*]:
2020	2021	2022	2023	2024	2025	2026	2027	2028	2029	2030	2031	2032	2033	2034	2035	2036	2037	2038	2039	2040:=
1	0.070650288	0.070650288	0.070650288	0.070650288	0.070650288	0.070650288	0.070650288	0.070650288	0.070650288	0.070650288	0.070650288	0.070650288	0.070650288	0.070650288	0.070650288	0.070650288	0.070650288	0.070650288	0.070650288	0.070650288	0.070650288
[Benin, HeavyFueloil_IMP,CO2,*,*]:
2020	2021	2022	2023	2024	2025	2026	2027	2028	2029	2030	2031	2032	2033	2034	2035	2036	2037	2038	2039	2040:=
1	0.074687989	0.074687989	0.074687989	0.074687989	0.074687989	0.074687989	0.074687989	0.074687989	0.074687989	0.074687989	0.074687989	0.074687989	0.074687989	0.074687989	0.074687989	0.074687989	0.074687989	0.074687989	0.074687989	0.074687989	0.074687989
[Benin, BENLFOIMP00X,CO2,*,*]:
2020	2021	2022	2023	2024	2025	2026	2027	2028	2029	2030	2031	2032	2033	2034	2035	2036	2037	2038	2039	2040:=
1	0.069332823	0.069332823	0.069332823	0.069332823	0.069332823	0.069332823	0.069332823	0.069332823	0.069332823	0.069332823	0.069332823	0.069332823	0.069332823	0.069332823	0.069332823	0.069332823	0.069332823	0.069332823	0.069332823	0.069332823	0.069332823
#[Benin, GAS_IMP,CO2,*,*]:
#2020	2021	2022	2023	2024	2025	2026	2027	2028	2029	2030	2031	2032	2033	2034	2035	2036	2037	2038	2039	2040:=
#1	0.050300655	0.050300655	0.050300655	0.050300655	0.050300655	0.050300655	0.050300655	0.050300655	0.050300655	0.050300655	0.050300655	0.050300655	0.050300655	0.050300655	0.050300655	0.050300655	0.050300655	0.050300655	0.050300655	0.050300655	0.050300655
[Benin, GAS_IMP,CO2,*,*]:
2020	2021	2022	2023	2024	2025	2026	2027	2028	2029	2030	2031	2032	2033	2034	2035	2036	2037	2038	2039	2040:=
1	0.050300655	0.050300655	0.050300655	0.050300655	0.050300655	0.050300655	0.050300655	0.050300655	0.050300655	0.050300655	0.050300655	0.050300655	0.050300655	0.050300655	0.050300655	0.050300655	0.050300655	0.050300655	0.050300655	0.050300655	0.050300655
[Benin, BENNGAPRP00X,CO2,*,*]:
2020	2021	2022	2023	2024	2025	2026	2027	2028	2029	2030	2031	2032	2033	2034	2035	2036	2037	2038	2039	2040:=
1	0.050300655	0.050300655	0.050300655	0.050300655	0.050300655	0.050300655	0.050300655	0.050300655	0.050300655	0.050300655	0.050300655	0.050300655	0.050300655	0.050300655	0.050300655	0.050300655	0.050300655	0.050300655	0.050300655	0.050300655	0.050300655
;

param ReserveMargin default 1 :=
;

param AnnualEmissionLimit default 99999999999 :=
;

param TradeRoute default 0 :=
;

param SpecifiedAnnualDemand default 0 :=
;

param RETagFuel default 0 :=
;

param CapacityOfOneTechnologyUnit default 0 :=
;

#TJ
param TotalTechnologyModelPeriodActivityUpperLimit default 99999999999 :=
Benin BENCOAPRP00X	0
Benin BENCO1PRP00X	48952
Benin BENNGAPRP00X	43341.69432
Benin BENURNPRP00X	0
;

#MW
param ResidualCapacity default 0 :=
[Benin,*,*]:
2020	2021	2022	2023	2024	2025	2026	2027	2028	2029	2030	2031	2032	2033	2034	2035	2036	2037	2038	2039	2040:=
BENHYDSSP00X	1000	1000	1000	1000	1000	1000	1000	1000	1000	1000	1000	1000	1000	1000	1000	1000	1000	1000	1000	1000	1000
BENHFOGCP01O	125760	124472	123184	121896	120608	119320	118032	116744	115456	114168	112880	111592	110304	109016	107728	106440	105152	103864	102576	101288	100000
BENLFORCP01O	91494	86919.3	82344.6	77769.9	73195.2	68620.5	64045.8	59471.1	54896.4	50321.7	45747	41172.3	36597.6	32022.9	27448.2	22873.5	18298.8	13724.1	9149.4	4574.7	0
BENNGAGCP01O	80000	76000	72000	68000	64000	60000	56000	52000	48000	44000	40000	36000	32000	28000	24000	20000	16000	12000	8000	4000	0
BENHYDLSP00X	435	435	435	435	435	435	435	435	435	435	435	435	435	435	435	435	435	435	435	435	435
Imports	1686200	1686200	1686200	1686200	1686200	1686200	1686200	1686200	1686200	1686200	1686200	1686200	1686200	1686200	1686200	1686200	1686200	1686200	1686200	1686200	1686200
BENEL1TRP00X	2387900	2387900	2387900	2387900	2387900	2387900	2387900	2387900	2387900	2387900	2387900	2387900	2387900	2387900	2387900	2387900	2387900	2387900	2387900	2387900	2387900
;

param YearSplit default 0 :
;

param ReserveMarginTagTechnology default 0 :=
;

end;
