###############
#    Sets     #
###############
#
set REGION := Kenya ;
set YEAR := ;
set EMISSION := CO2 NOX ;
set FUEL :=  KEHF KEUR KENG  KECO KEDS KEBM KEEL1 ;
set TIMESLICE := ;
set MODE_OF_OPERATION := 1 ;
set TECHNOLOGY :=  KEIMPETH KEEL00t00 GAS_IMP HeavyFueloil_IMP KECO00x00 COAL_IMP DIESEL_IMP KEBMCHx00 KEUR00i00 WI31ph KEHFCCph KEHYRRph1 KEHYDMph2 KEHYDMph3 KEGOBIph KESOU1ph KEBMCHph  KEDSCCph KENGCCpn KECOSCpn KENULWpn KESOC3pn KECOBSpn   KEGOFSph KEHYDMph3MA KEHYDMph3KA KEHYDMph3GI KEHYDMph3KIN KEHYDMph3KIA KEHYDMpn3MU KEHYDMpn3LGF KEHYDMpn3HGF;
set SEASON:=;
set DAYTYPE:=;
set DAILYTIMEBRACKET:=;
set STORAGE:=;


#####################
#    Parameters     #
#####################
#
# Units are GJ, kW and USD

param ResultsPath :=
;

param Peakdemand default 9999999999999:=

;

param MaxKmPerTech default 9999999999999 :=
;

param CapitalCostkmkW default 0 :=
;


param TotalTechnologyAnnualActivityUpperLimit default 999999999999 :=
[Kenya,*,*]:																									
2020	2021	2022	2023	2024	2025	2026	2027	2028	2029	2030	2031	2032	2033	2034	2035	2036	2037	2038	2039	2040:=	
WI31ph	5831577.619	99999000	99999000	99999000	99999000	99999000	99999000	99999000	99999000	99999000	99999000	99999000	99999000	99999000	99999000	99999000	99999000	99999000	99999000	99999000	99999000
KEHFCCph	4005803.318	99999000	99999000	99999000	99999000	99999000	99999000	99999000	99999000	99999000	99999000	99999000	99999000	99999000	99999000	99999000	99999000	99999000	99999000	99999000	99999000
KEGOBIph	9570358.482	99999000	99999000	99999000	99999000	99999000	99999000	99999000	99999000	99999000	99999000	99999000	99999000	99999000	99999000	99999000	99999000	99999000	99999000	99999000	99999000
KEBMCHph	0	99999000	99999000	99999000	99999000	99999000	99999000	99999000	99999000	99999000	99999000	99999000	99999000	99999000	99999000	99999000	99999000	99999000	99999000	99999000	99999000
KEGOFSph	14736965.05	99999000	99999000	99999000	99999000	99999000	99999000	99999000	99999000	99999000	99999000	99999000	99999000	99999000	99999000	99999000	99999000	99999000	99999000	99999000	99999000
KESOU1ph	413297.1677	99999000	99999000	99999000	99999000	99999000	99999000	99999000	99999000	99999000	99999000	99999000	99999000	99999000	99999000	99999000	99999000	99999000	99999000	99999000	99999000
;

param RETagTechnology default 0 :=
;

param DaysInDayType default 7 :=
;

param EmissionsPenalty default 0 :=
;

param ModelPeriodExogenousEmission default 0 :=
;

param StorageMaxDischargeRate default 0 :=
;
#USD/GJ
param VariableCost default 0 :=
[Kenya,KEIMPETH,*,*]:																									
2020 2021 2022 2023 2024 2025 2026 2027 2028 2029 2030 2031 2032 2033 2034 2035 2036 2037 2038 2039 2040:=																									
1 19.4444	19.4444	19.4444	19.4444	19.4444	19.4444	19.4444	19.4444	19.4444	19.4444	19.4444	19.4444	19.4444	19.4444	19.4444	19.4444	19.4444	19.4444	19.4444	19.4444	19.4444					
[Kenya,HeavyFueloil_IMP,*,*]:																									
2020 2021 2022 2023 2024 2025 2026 2027 2028 2029 2030 2031 2032 2033 2034 2035 2036 2037 2038 2039 2040:=																									
1 6.30157861193274	7.520345464	9.306946873	8.032781527	5.539849329	9.971728793	9.937104734	9.902480676	9.867856618	9.833232559	9.971728793	10.11022503	10.24872126	10.38721749	10.52571373	10.66420996	10.80270619	10.94120243	11.07969866	11.21819489	11.35669112					
[Kenya,KECO00x00,*,*]:																									
2020 2021 2022 2023 2024 2025 2026 2027 2028 2029 2030 2031 2032 2033 2034 2035 2036 2037 2038 2039 2040:=																									
1 3.05035506778567	3.32149774	3.558747579	2.677533893	2.508069722	4.304389929	3.846836669	3.389283409	2.931730148	2.474176888	2.480955455	2.487734022	2.494512589	2.501291156	2.508069722	2.514848289	2.521626856	2.528405423	2.53518399	2.541962556	2.548741123					
[Kenya,KEUR00i00,*,*]:																									
2020 2021 2022 2023 2024 2025 2026 2027 2028 2029 2030 2031 2032 2033 2034 2035 2036 2037 2038 2039 2040:=																									
1 1.08	1.08	1.08	1.08	1.08	1.08	1.08	1.08	1.08	1.08	1.08	1.08	1.08	1.08	1.08	1.08	1.08	1.08	1.08	1.08	1.08					
[Kenya,KEBMCHx00,*,*]:																									
2020 2021 2022 2023 2024 2025 2026 2027 2028 2029 2030 2031 2032 2033 2034 2035 2036 2037 2038 2039 2040:=																									
1 2.472222222	2.472222222	2.472222222	2.472222222	2.472222222	2.472222222	2.472222222	2.472222222	2.472222222	2.472222222	2.472222222	2.472222222	2.472222222	2.472222222	2.472222222	2.472222222	2.472222222	2.472222222	2.472222222	2.472222222	2.472222222					
[Kenya,KEHFCCph,*,*]:																									
2020 2021 2022 2023 2024 2025 2026 2027 2028 2029 2030 2031 2032 2033 2034 2035 2036 2037 2038 2039 2040:=																									
1 1.666666667	1.666666667	1.666666667	1.666666667	1.666666667	1.666666667	1.666666667	1.666666667	1.666666667	1.666666667	1.666666667	1.666666667	1.666666667	1.666666667	1.666666667	1.666666667	1.666666667	1.666666667	1.666666667	1.666666667	1.666666667					
[Kenya,KEHYRRph1,*,*]:																									
2020 2021 2022 2023 2024 2025 2026 2027 2028 2029 2030 2031 2032 2033 2034 2035 2036 2037 2038 2039 2040:=																									
1 1.244444444 1.244444444 1.244444444 1.244444444 1.244444444 1.244444444 1.244444444 1.244444444 1.244444444 1.244444444 1.244444444 1.244444444 1.244444444 1.244444444 1.244444444 1.244444444 1.244444444 1.244444444 1.244444444 1.244444444 1.244444444																									
[Kenya,KEHYDMph2,*,*]:																									
2020 2021 2022 2023 2024 2025 2026 2027 2028 2029 2030 2031 2032 2033 2034 2035 2036 2037 2038 2039 2040:=																									
1 0.152777778	0.152777778	0.152777778	0.152777778	0.152777778	0.152777778	0.152777778	0.152777778	0.152777778	0.152777778	0.152777778	0.152777778	0.152777778	0.152777778	0.152777778	0.152777778	0.152777778	0.152777778	0.152777778	0.152777778	0.152777778					
[Kenya,KEHYDMph3,*,*]:																									
2020 2021 2022 2023 2024 2025 2026 2027 2028 2029 2030 2031 2032 2033 2034 2035 2036 2037 2038 2039 2040:=																									
1 0.138888889	0.138888889	0.138888889	0.138888889	0.138888889	0.138888889	0.138888889	0.138888889	0.138888889	0.138888889	0.138888889	0.138888889	0.138888889	0.138888889	0.138888889	0.138888889	0.138888889	0.138888889	0.138888889	0.138888889	0.138888889					
[Kenya,KEGOBIph,*,*]:																									
2020 2021 2022 2023 2024 2025 2026 2027 2028 2029 2030 2031 2032 2033 2034 2035 2036 2037 2038 2039 2040:=																									
1 2.916666667	2.916666667	2.916666667	2.916666667	2.916666667	2.916666667	2.916666667	2.916666667	2.916666667	2.916666667	2.916666667	2.916666667	2.916666667	2.916666667	2.916666667	2.916666667	2.916666667	2.916666667	2.916666667	2.916666667	2.916666667					
[Kenya,KEDSCCph,*,*]:																									
2020 2021 2022 2023 2024 2025 2026 2027 2028 2029 2030 2031 2032 2033 2034 2035 2036 2037 2038 2039 2040:=																									
1 1.666666667	1.666666667	1.666666667	1.666666667	1.666666667	1.666666667	1.666666667	1.666666667	1.666666667	1.666666667	1.666666667	1.666666667	1.666666667	1.666666667	1.666666667	1.666666667	1.666666667	1.666666667	1.666666667	1.666666667	1.666666667					
[Kenya,KENGCCpn,*,*]:																									
2020 2021 2022 2023 2024 2025 2026 2027 2028 2029 2030 2031 2032 2033 2034 2035 2036 2037 2038 2039 2040:=																									
1 1	1	1	1	1	1	1	1	1	1	1	1	1	1	1	1	1	1	1	1	1					
[Kenya,KECOSCpn,*,*]:																									
2020 2021 2022 2023 2024 2025 2026 2027 2028 2029 2030 2031 2032 2033 2034 2035 2036 2037 2038 2039 2040:=																									
1 1.388888889	1.388888889	1.388888889	1.388888889	1.388888889	1.388888889	1.388888889	1.388888889	1.388888889	1.388888889	1.388888889	1.388888889	1.388888889	1.388888889	1.388888889	1.388888889	1.388888889	1.388888889	1.388888889	1.388888889	1.388888889					
[Kenya,KESOC3pn,*,*]:																									
2020 2021 2022 2023 2024 2025 2026 2027 2028 2029 2030 2031 2032 2033 2034 2035 2036 2037 2038 2039 2040:=																									
1 3.5	3.5	3.5	3.5001425	3.5001425	3.5001425	2.8854875	2.8854875	2.8854875	2.8854875	2.8854875	2.8854875	2.8854875	2.8854875	2.8854875	2.8854875	2.8854875	2.8854875	2.8854875	2.8854875	2.8854875					
[Kenya,KECOBSpn,*,*]:																									
2020 2021 2022 2023 2024 2025 2026 2027 2028 2029 2030 2031 2032 2033 2034 2035 2036 2037 2038 2039 2040:=																									
1 99999 99999 99999 99999 99999 99999 99999 99999 99999 99999 99999 99999 99999 99999 99999 99999 99999 99999 99999 99999 99999																									
[Kenya,KEHYDMph3MA,*,*]:																									
2020 2021 2022 2023 2024 2025 2026 2027 2028 2029 2030 2031 2032 2033 2034 2035 2036 2037 2038 2039 2040:=																									
1 0.152777778	0.152777778	0.152777778	0.152777778	0.152777778	0.152777778	0.152777778	0.152777778	0.152777778	0.152777778	0.152777778	0.152777778	0.152777778	0.152777778	0.152777778	0.152777778	0.152777778	0.152777778	0.152777778	0.152777778	0.152777778					
[Kenya,KEHYDMph3KA,*,*]:																									
2020 2021 2022 2023 2024 2025 2026 2027 2028 2029 2030 2031 2032 2033 2034 2035 2036 2037 2038 2039 2040:=																									
1 0.152777778	0.152777778	0.152777778	0.152777778	0.152777778	0.152777778	0.152777778	0.152777778	0.152777778	0.152777778	0.152777778	0.152777778	0.152777778	0.152777778	0.152777778	0.152777778	0.152777778	0.152777778	0.152777778	0.152777778	0.152777778					
[Kenya,KEHYDMph3GI,*,*]:																									
2020 2021 2022 2023 2024 2025 2026 2027 2028 2029 2030 2031 2032 2033 2034 2035 2036 2037 2038 2039 2040:=																									
1 0.152777778	0.152777778	0.152777778	0.152777778	0.152777778	0.152777778	0.152777778	0.152777778	0.152777778	0.152777778	0.152777778	0.152777778	0.152777778	0.152777778	0.152777778	0.152777778	0.152777778	0.152777778	0.152777778	0.152777778	0.152777778					
[Kenya,KEHYDMph3KIN,*,*]:																									
2020 2021 2022 2023 2024 2025 2026 2027 2028 2029 2030 2031 2032 2033 2034 2035 2036 2037 2038 2039 2040:=																									
1 0.152777778	0.152777778	0.152777778	0.152777778	0.152777778	0.152777778	0.152777778	0.152777778	0.152777778	0.152777778	0.152777778	0.152777778	0.152777778	0.152777778	0.152777778	0.152777778	0.152777778	0.152777778	0.152777778	0.152777778	0.152777778					
[Kenya,KEHYDMph3KIA,*,*]:																									
2020 2021 2022 2023 2024 2025 2026 2027 2028 2029 2030 2031 2032 2033 2034 2035 2036 2037 2038 2039 2040:=																									
1 0.152777778	0.152777778	0.152777778	0.152777778	0.152777778	0.152777778	0.152777778	0.152777778	0.152777778	0.152777778	0.152777778	0.152777778	0.152777778	0.152777778	0.152777778	0.152777778	0.152777778	0.152777778	0.152777778	0.152777778	0.152777778					
[Kenya,KEHYDMpn3MU,*,*]:																									
2020 2021 2022 2023 2024 2025 2026 2027 2028 2029 2030 2031 2032 2033 2034 2035 2036 2037 2038 2039 2040:=																									
1 0.152777778	0.152777778	0.152777778	0.152777778	0.152777778	0.152777778	0.152777778	0.152777778	0.152777778	0.152777778	0.152777778	0.152777778	0.152777778	0.152777778	0.152777778	0.152777778	0.152777778	0.152777778	0.152777778	0.152777778	0.152777778					
[Kenya,KEHYDMpn3LGF,*,*]:																									
2020 2021 2022 2023 2024 2025 2026 2027 2028 2029 2030 2031 2032 2033 2034 2035 2036 2037 2038 2039 2040:=																									
1 0.152777778	0.152777778	0.152777778	0.152777778	0.152777778	0.152777778	0.152777778	0.152777778	0.152777778	0.152777778	0.152777778	0.152777778	0.152777778	0.152777778	0.152777778	0.152777778	0.152777778	0.152777778	0.152777778	0.152777778	0.152777778					
[Kenya,KEHYDMpn3HGF,*,*]:																									
2020 2021 2022 2023 2024 2025 2026 2027 2028 2029 2030 2031 2032 2033 2034 2035 2036 2037 2038 2039 2040:=																									
1 0.138888889	0.138888889	0.138888889	0.138888889	0.138888889	0.138888889	0.138888889	0.138888889	0.138888889	0.138888889	0.138888889	0.138888889	0.138888889	0.138888889	0.138888889	0.138888889	0.138888889	0.138888889	0.138888889	0.138888889	0.138888889					
;


param Conversionlh default 0 :=
;

param ReserveMarginTagFuel default 0 :=
;

param DepreciationMethod default 1 :=
;

#kW
param TotalAnnualMaxCapacityInvestment default 9999999999999 :=
[Kenya,*,*]:																									
2020	2021	2022	2023	2024	2025	2026	2027	2028	2029	2030	2031	2032	2033	2034	2035	2036	2037	2038	2039	2040:=	
KEHFCCph	59470	0	0	0	99999000	99999000	99999000	99999000	99999000	99999000	99999000	99999000	99999000	99999000	99999000	99999000	99999000	99999000	99999000	99999000	99999000
KEDSCCph	0	0	0	0	99999000	99999000	99999000	99999000	99999000	99999000	99999000	99999000	99999000	99999000	99999000	99999000	99999000	99999000	99999000	99999000	99999000
KEIMPETH	200000	0	0	0	0	0	0	0	0	0	0	0	0	0	0	0	0	0	0	0	0

;


param TechnologyToStorage default 0 :=
;
#GJ
param TotalTechnologyAnnualActivityLowerLimit default 0 :=
[Kenya,*,*]:																									
2020	2021	2022	2023	2024	2025	2026	2027	2028	2029	2030	2031	2032	2033	2034	2035	2036	2037	2038	2039	2040:=	
WI31ph	0	0	0	0	0	0	0	0	0	0	0	0	0	0	0	0	0	0	0	0	0
KEHFCCph	3175200	0	0	0	0	0	0	0	0	0	0	0	0	0	0	0	0	0	0	0	0
KEGOBIph	6610000	0	0	0	0	0	0	0	0	0	0	0	0	0	0	0	0	0	0	0	0
KEBMCHph	0	0	0	0	0	0	0	0	0	0	0	0	0	0	0	0	0	0	0	0	0
KEGOFSph	12517200	0	0	0	0	0	0	0	0	0	0	0	0	0	0	0	0	0	0	0	0
KESOU1ph	327600	0	0	0	0	0	0	0	0	0	0	0	0	0	0	0	0	0	0	0	0
;

param DaySplit default 0 :=
;

param SpecifiedDemandProfile default 0 :=
;

param OutputActivityRatio default 0 :=
[Kenya,GAS_IMP,KENG,*,*]:
2020 2021 2022 2023 2024 2025 2026 2027 2028 2029 2030 2031 2032 2033 2034 2035 2036 2037 2038 2039 2040:=
1 1 1 1 1 1 1 1 1 1 1 1 1 1 1 1 1 1 1 1 1 1
[Kenya,HeavyFueloil_IMP,KEHF,*,*]:
2020 2021 2022 2023 2024 2025 2026 2027 2028 2029 2030 2031 2032 2033 2034 2035 2036 2037 2038 2039 2040:=
1 1 1 1 1 1 1 1 1 1 1 1 1 1 1 1 1 1 1 1 1 1
[Kenya,COAL_IMP,KECO,*,*]:
2020 2021 2022 2023 2024 2025 2026 2027 2028 2029 2030 2031 2032 2033 2034 2035 2036 2037 2038 2039 2040:=
1 1 1 1 1 1 1 1 1 1 1 1 1 1 1 1 1 1 1 1 1 1
[Kenya,DIESEL_IMP,KEDS,*,*]:
2020 2021 2022 2023 2024 2025 2026 2027 2028 2029 2030 2031 2032 2033 2034 2035 2036 2037 2038 2039 2040:=
1 1 1 1 1 1 1 1 1 1 1 1 1 1 1 1 1 1 1 1 1 1
[Kenya,KEBMCHx00,KEBM,*,*]:
2020 2021 2022 2023 2024 2025 2026 2027 2028 2029 2030 2031 2032 2033 2034 2035 2036 2037 2038 2039 2040:=
1 1 1 1 1 1 1 1 1 1 1 1 1 1 1 1 1 1 1 1 1 1
[Kenya,KEUR00i00,KEUR,*,*]:
2020 2021 2022 2023 2024 2025 2026 2027 2028 2029 2030 2031 2032 2033 2034 2035 2036 2037 2038 2039 2040:=
1 1 1 1 1 1 1 1 1 1 1 1 1 1 1 1 1 1 1 1 1 1
[Kenya,WI31ph,KEEL1,*,*]:
2020 2021 2022 2023 2024 2025 2026 2027 2028 2029 2030 2031 2032 2033 2034 2035 2036 2037 2038 2039 2040:=
1 1 1 1 1 1 1 1 1 1 1 1 1 1 1 1 1 1 1 1 1 1
[Kenya,KEHFCCph,KEEL1,*,*]:
2020 2021 2022 2023 2024 2025 2026 2027 2028 2029 2030 2031 2032 2033 2034 2035 2036 2037 2038 2039 2040:=
1 1 1 1 1 1 1 1 1 1 1 1 1 1 1 1 1 1 1 1 1 1
[Kenya,KEIMPETH,KEEL1,*,*]:
2020 2021 2022 2023 2024 2025 2026 2027 2028 2029 2030 2031 2032 2033 2034 2035 2036 2037 2038 2039 2040:=
1 1 1 1 1 1 1 1 1 1 1 1 1 1 1 1 1 1 1 1 1 1
[Kenya,KEHYRRph1,KEEL1,*,*]:
2020 2021 2022 2023 2024 2025 2026 2027 2028 2029 2030 2031 2032 2033 2034 2035 2036 2037 2038 2039 2040:=
1 1 1 1 1 1 1 1 1 1 1 1 1 1 1 1 1 1 1 1 1 1
[Kenya,KEHYDMph2,KEEL1,*,*]:
2020 2021 2022 2023 2024 2025 2026 2027 2028 2029 2030 2031 2032 2033 2034 2035 2036 2037 2038 2039 2040:=
1 1 1 1 1 1 1 1 1 1 1 1 1 1 1 1 1 1 1 1 1 1
[Kenya,KEHYDMph3,KEEL1,*,*]:
2020 2021 2022 2023 2024 2025 2026 2027 2028 2029 2030 2031 2032 2033 2034 2035 2036 2037 2038 2039 2040:=
1 1 1 1 1 1 1 1 1 1 1 1 1 1 1 1 1 1 1 1 1 1
[Kenya,KEGOBIph,KEEL1,*,*]:
2020 2021 2022 2023 2024 2025 2026 2027 2028 2029 2030 2031 2032 2033 2034 2035 2036 2037 2038 2039 2040:=
1 1 1 1 1 1 1 1 1 1 1 1 1 1 1 1 1 1 1 1 1 1
[Kenya,KESOU1ph,KEEL1,*,*]:
2020 2021 2022 2023 2024 2025 2026 2027 2028 2029 2030 2031 2032 2033 2034 2035 2036 2037 2038 2039 2040:=
1 1 1 1 1 1 1 1 1 1 1 1 1 1 1 1 1 1 1 1 1 1
[Kenya,KEBMCHph,KEEL1,*,*]:
2020 2021 2022 2023 2024 2025 2026 2027 2028 2029 2030 2031 2032 2033 2034 2035 2036 2037 2038 2039 2040:=
1 1 1 1 1 1 1 1 1 1 1 1 1 1 1 1 1 1 1 1 1 1
[Kenya,KEDSCCph,KEEL1,*,*]:
2020 2021 2022 2023 2024 2025 2026 2027 2028 2029 2030 2031 2032 2033 2034 2035 2036 2037 2038 2039 2040:=
1 1 1 1 1 1 1 1 1 1 1 1 1 1 1 1 1 1 1 1 1 1
[Kenya,KENGCCpn,KEEL1,*,*]:
2020 2021 2022 2023 2024 2025 2026 2027 2028 2029 2030 2031 2032 2033 2034 2035 2036 2037 2038 2039 2040:=
1 1 1 1 1 1 1 1 1 1 1 1 1 1 1 1 1 1 1 1 1 1
[Kenya,KECOSCpn,KEEL1,*,*]:
2020 2021 2022 2023 2024 2025 2026 2027 2028 2029 2030 2031 2032 2033 2034 2035 2036 2037 2038 2039 2040:=
1 1 1 1 1 1 1 1 1 1 1 1 1 1 1 1 1 1 1 1 1 1
[Kenya,KENULWpn,KEEL1,*,*]:
2020 2021 2022 2023 2024 2025 2026 2027 2028 2029 2030 2031 2032 2033 2034 2035 2036 2037 2038 2039 2040:=
1 1 1 1 1 1 1 1 1 1 1 1 1 1 1 1 1 1 1 1 1 1
[Kenya,KESOC3pn,KEEL1,*,*]:
2020 2021 2022 2023 2024 2025 2026 2027 2028 2029 2030 2031 2032 2033 2034 2035 2036 2037 2038 2039 2040:=
1 1 1 1 1 1 1 1 1 1 1 1 1 1 1 1 1 1 1 1 1 1
[Kenya,KECOBSpn,KEEL1,*,*]:
2020 2021 2022 2023 2024 2025 2026 2027 2028 2029 2030 2031 2032 2033 2034 2035 2036 2037 2038 2039 2040:=
1 1 1 1 1 1 1 1 1 1 1 1 1 1 1 1 1 1 1 1 1 1
[Kenya,KEEL00t00,TREL2,*,*]:
2020 2021 2022 2023 2024 2025 2026 2027 2028 2029 2030 2031 2032 2033 2034 2035 2036 2037 2038 2039 2040:=
1 0.955 0.955 0.955 0.955 0.955 0.955 0.955 0.955 0.955 0.955 0.965 0.965 0.965 0.965 0.965 0.965 0.965 0.965 0.965 0.965 0.965
[Kenya,KEGOFSph,KEEL1,*,*]:
2020 2021 2022 2023 2024 2025 2026 2027 2028 2029 2030 2031 2032 2033 2034 2035 2036 2037 2038 2039 2040:=
1 1 1 1 1 1 1 1 1 1 1 1 1 1 1 1 1 1 1 1 1 1
[Kenya,KEHYDMph3MA,KEEL1,*,*]:
2020 2021 2022 2023 2024 2025 2026 2027 2028 2029 2030 2031 2032 2033 2034 2035 2036 2037 2038 2039 2040:=
1 1 1 1 1 1 1 1 1 1 1 1 1 1 1 1 1 1 1 1 1 1
[Kenya,KEHYDMph3KA,KEEL1,*,*]:
2020 2021 2022 2023 2024 2025 2026 2027 2028 2029 2030 2031 2032 2033 2034 2035 2036 2037 2038 2039 2040:=
1 1 1 1 1 1 1 1 1 1 1 1 1 1 1 1 1 1 1 1 1 1
[Kenya,KEHYDMph3GI,KEEL1,*,*]:
2020 2021 2022 2023 2024 2025 2026 2027 2028 2029 2030 2031 2032 2033 2034 2035 2036 2037 2038 2039 2040:=
1 1 1 1 1 1 1 1 1 1 1 1 1 1 1 1 1 1 1 1 1 1
[Kenya,KEHYDMph3KIN,KEEL1,*,*]:
2020 2021 2022 2023 2024 2025 2026 2027 2028 2029 2030 2031 2032 2033 2034 2035 2036 2037 2038 2039 2040:=
1 1 1 1 1 1 1 1 1 1 1 1 1 1 1 1 1 1 1 1 1 1
[Kenya,KEHYDMph3KIA,KEEL1,*,*]:
2020 2021 2022 2023 2024 2025 2026 2027 2028 2029 2030 2031 2032 2033 2034 2035 2036 2037 2038 2039 2040:=
1 1 1 1 1 1 1 1 1 1 1 1 1 1 1 1 1 1 1 1 1 1
[Kenya,KEHYDMpn3MU,KEEL1,*,*]:
2020 2021 2022 2023 2024 2025 2026 2027 2028 2029 2030 2031 2032 2033 2034 2035 2036 2037 2038 2039 2040:=
1 1 1 1 1 1 1 1 1 1 1 1 1 1 1 1 1 1 1 1 1 1
[Kenya,KEHYDMpn3LGF,KEEL1,*,*]:
2020 2021 2022 2023 2024 2025 2026 2027 2028 2029 2030 2031 2032 2033 2034 2035 2036 2037 2038 2039 2040:=
1 1 1 1 1 1 1 1 1 1 1 1 1 1 1 1 1 1 1 1 1 1
[Kenya,KEHYDMpn3HGF,KEEL1,*,*]:
2020 2021 2022 2023 2024 2025 2026 2027 2028 2029 2030 2031 2032 2033 2034 2035 2036 2037 2038 2039 2040:=
1 1 1 1 1 1 1 1 1 1 1 1 1 1 1 1 1 1 1 1 1 1
;

param DiscountRate default
;

param FixedCost default 0 :=
[Kenya,*,*]:
2020 2021 2022 2023 2024 2025 2026 2027 2028 2029 2030 2031 2032 2033 2034 2035 2036 2037 2038 2039 2040:=																					
WI31ph	42.63181818	42.26363636	41.89545455	41.52727273	41.15909091	40.79090909	40.42272727	40.05454545	39.68636364	39.31818182	38.95	38.657875	38.36575	38.073625	37.7815	37.489375	37.19725	36.905125	36.613	36.320875	36.02875
KEHFCCph	7.1	7.1	7.1	7.1	7.1	7.1	7.1	7.1	7.1	7.1	7.1	7.1	7.1	7.1	7.1	7.1	7.1	7.1	7.1	7.1	7.1
KEHYRRph1	2.055555556	2.055555556	2.055555556	2.055555556	2.055555556	2.055555556	2.055555556	2.055555556	2.055555556	2.055555556	2.055555556	2.055555556	2.055555556	2.055555556	2.055555556	2.055555556	2.055555556	2.055555556	2.055555556	2.055555556	2.055555556
KEHYDMph2	18.6	18.6	18.6	18.6	18.6	18.6	18.6	18.6	18.6	18.6	18.6	18.6	18.6	18.6	18.6	18.6	18.6	18.6	18.6	18.6	18.6
KEHYDMph3	15.3	15.3	15.3	15.3	15.3	15.3	15.3	15.3	15.3	15.3	15.3	15.3	15.3	15.3	15.3	15.3	15.3	15.3	15.3	15.3	15.3
KEGOBIph	22.1	22.1	22.1	22.1	22.1	22.1	22.1	22.1	22.1	22.1	22.1	22.1	22.1	22.1	22.1	22.1	22.1	22.1	22.1	22.1	22.1
KESOU1ph	23.3964	22.71037865	22.02696337	21.34603917	20.66749775	19.991237	19.31716053	18.64517735	17.97520142	17.30715138	16.64095018	16.55560512	16.47056323	16.38581956	16.30136924	16.21720752	16.13332973	16.04973133	15.96640785	15.88335494	15.80056832
KEBMCHph	152.3	152.3	152.3	152.3	152.3	152.3	152.3	152.3	152.3	152.3	152.3	152.3	152.3	152.3	152.3	152.3	152.3	152.3	152.3	152.3	152.3
KEDSCCph	7.1	7.1	7.1	7.1	7.1	7.1	7.1	7.1	7.1	7.1	7.1	7.1	7.1	7.1	7.1	7.1	7.1	7.1	7.1	7.1	7.1
KENGCCpn	18	18	18	18	18	18	18	18	18	18	18	18	18	18	18	18	18	18	18	18	18
KECOSCpn	68	68	68	68	68	68	68	68	68	68	68	68	68	68	68	68	68	68	68	68	68
KESOC3pn	65.61205	65.61205	63.92704315	62.2420363	60.55702945	58.8720226	57.18701575	55.50200889	53.81700204	52.13199519	50.44698834	50.44698834	50.44698834	50.44698834	50.44698834	50.44698834	50.44698834	50.44698834	50.44698834	50.44698834	50.44698834
KECOBSpn	9999	9999	9999	9999	9999	9999	9999	9999	9999	9999	9999	9999	9999	9999	9999	9999	9999	9999	9999	9999	9999
KEGOFSph	151.9	151.9	151.9	151.9	151.9	151.9	151.9	151.9	151.9	151.9	151.9	151.9	151.9	151.9	151.9	151.9	151.9	151.9	151.9	151.9	151.9
KEHYDMph3MA	15.3	15.3	15.3	15.3	15.3	15.3	15.3	15.3	15.3	15.3	15.3	15.3	15.3	15.3	15.3	15.3	15.3	15.3	15.3	15.3	15.3
KEHYDMph3KA	15.3	15.3	15.3	15.3	15.3	15.3	15.3	15.3	15.3	15.3	15.3	15.3	15.3	15.3	15.3	15.3	15.3	15.3	15.3	15.3	15.3
KEHYDMph3GI	15.3	15.3	15.3	15.3	15.3	15.3	15.3	15.3	15.3	15.3	15.3	15.3	15.3	15.3	15.3	15.3	15.3	15.3	15.3	15.3	15.3
KEHYDMph3KIN	15.3	15.3	15.3	15.3	15.3	15.3	15.3	15.3	15.3	15.3	15.3	15.3	15.3	15.3	15.3	15.3	15.3	15.3	15.3	15.3	15.3
KEHYDMph3KIA	15.3	15.3	15.3	15.3	15.3	15.3	15.3	15.3	15.3	15.3	15.3	15.3	15.3	15.3	15.3	15.3	15.3	15.3	15.3	15.3	15.3
KEHYDMpn3MU	15.3	15.3	15.3	15.3	15.3	15.3	15.3	15.3	15.3	15.3	15.3	15.3	15.3	15.3	15.3	15.3	15.3	15.3	15.3	15.3	15.3
KEHYDMpn3LGF	15.3	15.3	15.3	15.3	15.3	15.3	15.3	15.3	15.3	15.3	15.3	15.3	15.3	15.3	15.3	15.3	15.3	15.3	15.3	15.3	15.3
KEHYDMpn3HGF	16	16	16	16	16	16	16	16	16	16	16	16	16	16	16	16	16	16	16	16	16
KENULWpn	66.3	66.3	66.3	66.3	66.3	66.3	66.3	66.3	66.3	66.3	66.3	66.3	66.3	66.3	66.3	66.3	66.3	66.3	66.3	66.3	66.3
;

param TotalAnnualMinCapacityInvestment default 0 :=
[Kenya,*,*]:																									
2020	2021	2022	2023	2024	2025	2026	2027	2028	2029	2030	2031	2032	2033	2034	2035	2036	2037	2038	2039	2040:=	
KESOU1ph	0	0	161500	90000	72500	0	80000	0	0	0	0	0	0	0	0	0	0	0	0	0	0
WI31ph	0	100000	0	50000	50000	50000	90000	0	0	0	0	0	0	0	0	0	0	0	0	0	0
KECOSCpn	0	0	0	0	0	0	0	981000	0	0	0	0	0	0	0	0	0	0	0	0	0
KEGOFSph	58000	83000	0	159400	173800	0	0	0	0	0	0	0	0	0	0	0	0	0	0	0	0
KEGOBIph	38000	0	0	0	0	70000	140000	0	0	0	0	0	0	0	0	0	0	0	0	0	0
KEHYDMph3	0	0	19900	2100	0	6000	20000	0	0	0	0	0	0	0	0	0	0	0	0	0	0
KEHFCCph	59470	0	0	0	0	0	0	0	0	0	0	0	0	0	0	0	0	0	0	0	0
KEIMPETH	200000	0	0	0	0	0	0	0	0	0	0	0	0	0	0	0	0	0	0	0	0
KEBMCHph	0	0	1000	28000	0	10000	0	0	0	0	0	0	0	0	0	0	0	0	0	0	0
;

param Conversionls default 0 :=
;

param CapitalCostStorage default 0 :=
;

param StorageLevelStart default 0 :=
;

param TotalTechnologyModelPeriodActivityLowerLimit default 0 :=
;

param MinStorageCharge default 0 :=
;

param CapacityFactor default 1 :=

;

param OperationalLifeStorage default 99 :=
;

param Conversionld default 0 :=
;

param OperationalLife default 1 :=
Kenya	KEEL00t00	60
Kenya KEIMPETH	60
Kenya	GAS_IMP	1
Kenya	HeavyFueloil_IMP	1
Kenya	KECO00x00	1
Kenya	COAL_IMP	1
Kenya	DIESEL_IMP	1
Kenya	KEBMCHx00	1
Kenya	KEUR00i00	1
Kenya	WI31ph	25
Kenya	KEHFCCph	20
Kenya	KEHYRRph1	50
Kenya	KEHYDMph2	50
Kenya	KEHYDMph3	50
Kenya	KEGOBIph	30
Kenya	KESOU1ph	25
Kenya	KEBMCHph	30
Kenya	KEDSCCph	25
Kenya	KENGCCpn	20
Kenya	KECOSCpn	30
Kenya	KENULWpn	50
Kenya	KESOC3pn	25
Kenya	KECOBSpn	50
Kenya	KEGOFSph	30
Kenya	KEHYDMph3MA	50
Kenya	KEHYDMph3KA	50
Kenya	KEHYDMph3GI	50
Kenya	KEHYDMph3KIN	50
Kenya	KEHYDMph3KIA	50
Kenya	KEHYDMpn3MU	50
Kenya	KEHYDMpn3LGF	50
Kenya	KEHYDMpn3HGF	50
;

param TotalAnnualMaxCapacity default 99999999 :=
[Kenya,*,*]:																									
2020	2021	2022	2023	2024	2025	2026	2027	2028	2029	2030	2031	2032	2033	2034	2035	2036	2037	2038	2039	2040:=	
WI31ph	338000	4600000	4600000	4600000	4600000	4600000	4600000	4600000	4600000	4600000	4600000	4600000	4600000	4600000	4600000	4600000	4600000	4600000	4600000	4600000	4600000
KEHYRRph1	31000	100000	200000	300000	500000	500000	500000	500000	500000	500000	500000	500000	500000	500000	500000	500000	500000	500000	500000	500000	500000
KEHYDMph2	96800	346800	346800	346800	346800	346800	346800	346800	346800	346800	346800	346800	346800	346800	346800	346800	346800	346800	346800	346800	346800
KEHYDMph3	166000	166000	166000	527000	527000	527000	527000	902200	902200	902200	902200	902200	902200	902200	902200	902200	902200	902200	902200	902200	902200
KEGOBIph	276000	3285000	3285000	3285000	3285000	3285000	3285000	3285000	3285000	3285000	3285000	3285000	3285000	3285000	3285000	3285000	3285000	3285000	3285000	3285000	3285000
KEBMCHph	2000	86000	86000	192000	192000	192000	192000	192000	192000	192000	192000	192000	192000	192000	192000	192000	192000	192000	192000	192000	192000
KEDSCCph	54000	100000	100000	100000	480000	960000	1440000	1920000	2400000	2880000	3360000	3840000	4320000	4800000	5280000	5760000	6240000	6720000	7200000	7680000	8160000
KENGCCpn	60000	60000	60000	540000	1080000	1620000	2160000	2700000	3240000	3780000	4320000	4860000	5400000	5940000	6480000	7020000	7560000	8100000	8640000	9180000	9720000
KECOSCpn	0	0	0	0	1000000	1600000	2200000	2800000	3400000	4000000	4600000	5200000	5800000	6400000	7000000	7600000	8200000	14400000	15600000	19200000	25200000
KENULWpn	0	0	0	0	0	0	0	0	0	0	0	4000000	4000000	4000000	4000000	4000000	4000000	4000000	4000000	4000000	4000000
KEGOFSph	535000	5000000	5000000	5000000	5000000	5000000	5000000	5000000	5420000	5840000	6715000	6715000	6715000	6715000	6715000	6715000	6715000	6715000	6715000	6715000	6715000
KEHYDMph3MA	40000	40000	40000	40000	40000	40000	40000	40000	40000	40000	40000	40000	0	0	0	0	0	0	0	0	0
KEHYDMph3KA	94200	94200	94200	94200	94200	94200	94200	94200	94200	0	0	0	0	0	0	0	0	0	0	0	0
KEHYDMph3GI	225000	225000	225000	225000	225000	225000	225000	225000	225000	225000	225000	225000	225000	0	0	0	0	0	0	0	0
KEHYDMph3KIN	72000	72000	72000	72000	72000	72000	72000	72000	72000	72000	72000	72000	0	0	0	0	0	0	0	0	0
KEHYDMph3KIA	168000	168000	168000	168000	168000	168000	168000	168000	168000	168000	168000	168000	168000	168000	168000	168000	168000	168000	168000	168000	168000
KEHYDMpn3MU	0	0	0	0	0	0	0	0	0	0	0	0	0	0	0	0	0	0	0	0	0
KEHYDMpn3LGF	0	0	0	0	0	0	0	0	0	0	0	0	0	0	0	0	0	0	0	0	0
KEHYDMpn3HGF	0	0	0	0	0	0	0	0	0	0	0	495000	1188000	1188000	1188000	1188000	1188000	1188000	1188000	1188000	1188000
KESOC3pn	0	4000000	4000000	4000000	4000000	4000000	4000000	4000000	4000000	4000000	4000000	4000000	4000000	4000000	4000000	4000000	4000000	4000000	4000000	4000000	4000000
KESOU1ph	54000	9999000	99999000	9999000	9999000	9999000	9999000	9999000	9999000	9999000	9999000	9999000	9999000	9999000	9999000	9999000	9999000	9999000	9999000	9999000	9999000
;

param CapacityToActivityUnit default 1 :=
Kenya	KEEL00t00	31.536
Kenya KEIMPETH	31.536
Kenya	GAS_IMP	1
Kenya	HeavyFueloil_IMP	1
Kenya	KECO00x00	1
Kenya	COAL_IMP	1
Kenya	DIESEL_IMP	1
Kenya	KEBMCHx00	1
Kenya	KEUR00i00	1
Kenya	WI31ph	31.536
Kenya	KEHFCCph	31.536
Kenya	KEHYRRph1	31.536
Kenya	KEHYDMph2	31.536
Kenya	KEHYDMph3	31.536
Kenya	KEGOBIph	31.536
Kenya	KESOU1ph	31.536
Kenya	KEBMCHph	31.536
Kenya	KEDSCCph	31.536
Kenya	KENGCCpn	31.536
Kenya	KECOSCpn	31.536
Kenya	KENULWpn	31.536
Kenya	KESOC3pn	31.536
Kenya	KECOBSpn	31.536
Kenya	KEGOFSph	31.536
Kenya	KEHYDMph3MA	31.536
Kenya	KEHYDMph3KA	31.536
Kenya	KEHYDMph3GI	31.536
Kenya	KEHYDMph3KIN	31.536
Kenya	KEHYDMph3KIA	31.536
Kenya	KEHYDMpn3MU	31.536
Kenya	KEHYDMpn3LGF	31.536
Kenya	KEHYDMpn3HGF	31.536
;

param AnnualExogenousEmission default 0 :=
;

param ResidualStorageCapacity default 0 :=
;

param TotalAnnualMinCapacity default 0 :=

;

param REMinProductionTarget default 0 :=
;

param CapitalCost default 0 :=
[Kenya,*,*]:
2020 2021 2022 2023 2024 2025 2026 2027 2028 2029 2030 2031 2032 2033 2034 2035 2036 2037 2038 2039 2040:=																					
KEHFCCph	1650	1650	1650	1650	1650	1650	1650	1650	1650	1650	1650	1650	1650	1650	1650	1650	1650	1650	1650	1650	1650
KEHYRRph1	2902	2902	2902	2902	2902	2902	2902	2902	2902	2902	2902	2902	2902	2902	2902	2902	2902	2902	2902	2902	2902
KEHYDMph2	4089	4089	4089	4089	4089	4089	4089	4089	4089	4089	4089	4089	4089	4089	4089	4089	4089	4089	4089	4089	4089
KEHYDMph3	3798	3798	3798	3798	3798	3798	3798	3798	3798	3798	3798	3798	3798	3798	3798	3798	3798	3798	3798	3798	3798
KEHYDMph3MA	3180.5	3180.5	3180.5	3180.5	3180.5	3180.5	3180.5	3180.5	3180.5	3180.5	3180.5	3180.5	3180.5	3180.5	3180.5	3180.5	3180.5	3180.5	3180.5	3180.5	3180.5
KEHYDMph3KA	3180.5	3180.5	3180.5	3180.5	3180.5	3180.5	3180.5	3180.5	3180.5	3180.5	3180.5	3180.5	3180.5	3180.5	3180.5	3180.5	3180.5	3180.5	3180.5	3180.5	3180.5
KEHYDMph3GI	3180.5	3180.5	3180.5	3180.5	3180.5	3180.5	3180.5	3180.5	3180.5	3180.5	3180.5	3180.5	3180.5	3180.5	3180.5	3180.5	3180.5	3180.5	3180.5	3180.5	3180.5
KEHYDMph3KIN	3180.5	3180.5	3180.5	3180.5	3180.5	3180.5	3180.5	3180.5	3180.5	3180.5	3180.5	3180.5	3180.5	3180.5	3180.5	3180.5	3180.5	3180.5	3180.5	3180.5	3180.5
KEHYDMph3KIA	3180.5	3180.5	3180.5	3180.5	3180.5	3180.5	3180.5	3180.5	3180.5	3180.5	3180.5	3180.5	3180.5	3180.5	3180.5	3180.5	3180.5	3180.5	3180.5	3180.5	3180.5
KEHYDMpn3MU	3180.5	3180.5	3180.5	3180.5	3180.5	3180.5	3180.5	3180.5	3180.5	3180.5	3180.5	3180.5	3180.5	3180.5	3180.5	3180.5	3180.5	3180.5	3180.5	3180.5	3180.5
KEHYDMpn3LGF	3180.5	3180.5	3180.5	3180.5	3180.5	3180.5	3180.5	3180.5	3180.5	3180.5	3180.5	3180.5	3180.5	3180.5	3180.5	3180.5	3180.5	3180.5	3180.5	3180.5	3180.5
KEHYDMpn3HGF	3819	3819	3819	3819	3819	3819	3819	3819	3819	3819	3819	3819	3819	3819	3819	3819	3819	3819	3819	3819	3819
KEGOBIph	3500	3500	3500	3500	3500	3500	3500	3500	3500	3500	3500	3500	3500	3500	3500	3500	3500	3500	3500	3500	3500
KESOU1ph	1347.269745	1288.483956	1229.698168	1170.91238	1112.126592	1053.340804	994.5550154	935.7692272	876.983439	818.1976507	759.4118625	752.6448526	745.8778428	739.1108329	732.343823	725.5768131	718.8098033	712.0427934	705.2757835	698.5087736	691.7417638
KEBMCHph	3045	3045	3045	3045	3045	3045	3045	3045	3045	3045	3045	3045	3045	3045	3045	3045	3045	3045	3045	3045	3045
KEDSCCph	1650	1650	1650	1650	1650	1650	1650	1650	1650	1650	1650	1650	1650	1650	1650	1650	1650	1650	1650	1650	1650
KENGCCpn	1349	1349	1349	1349	1349	1349	1349	1349	1349	1349	1349	1349	1349	1349	1349	1349	1349	1349	1349	1349	1349
KECOSCpn	2553	2553	2553	2553	2553	2553	2553	2553	2553	2553	2553	2553	2553	2553	2553	2553	2553	2553	2553	2553	2553
KENULWpn	6200	6200	6200	6200	6200	6200	6200	6200	6200	6200	6200	6200	6200	6200	6200	6200	6200	6200	6200	6200	6200
KESOC3pn	6307	6052.1448	5776.0976	5526.4	5301.7704	5100.9272	4922.5888	4765.4736	4628.3	4509.7864	4408.6512	4323.6128	4253.3896	4196.7	4152.2624	4118.7952	4095.0168	4079.6456	4071.4	4068.9984	4066.5968
KECOBSpn	999999	999999	999999	999999	999999	999999	999999	999999	999999	999999	999999	999999	999999	999999	999999	999999	999999	999999	999999	999999	999999
KEEL00t00	365	365	365	365	365	365	365	365	365	365	365	365	365	365	365	365	365	365	365	365	365
KEGOFSph	3500	3500	3500	3500	3500	3500	3500	3500	3500	3500	3500	3500	3500	3500	3500	3500	3500	3500	3500	3500	3500
BACKSTOP 9999999	9999999	9999999	9999999	9999999	9999999	9999999	9999999	9999999	9999999	9999999	9999999	9999999	9999999	9999999	9999999	9999999	9999999	9999999	9999999	9999999	
KEIMPETH	1300	1300	1300	1300	1300	1300	1300	1300	1300	1300	1300	1300	1300	1300	1300	1300	1300	1300	1300	1300	1300
;

param StorageMaxChargeRate default 99 :=
;

param TechnologyFromStorage default 0 :=
;

param AvailabilityFactor default 1 :=
[Kenya,*,*]:
2020 2021 2022 2023 2024 2025 2026 2027 2028 2029 2030 2031 2032 2033 2034 2035 2036 2037 2038 2039 2040:=																					
KEHFCCph	0.92	0.92	0.92	0.92	0.92	0.92	0.92	0.92	0.92	0.92	0.92	0.92	0.92	0.92	0.92	0.92	0.92	0.92	0.92	0.92	0.92
KEHYRRph1	0.98	0.98	0.98	0.98	0.98	0.98	0.98	0.98	0.98	0.98	0.98	0.98	0.98	0.98	0.98	0.98	0.98	0.98	0.98	0.98	0.98
KEHYDMph2	0.9	0.9	0.9	0.9	0.9	0.9	0.9	0.9	0.9	0.9	0.9	0.9	0.9	0.9	0.9	0.9	0.9	0.9	0.9	0.9	0.9
KEHYDMph3	0.9	0.9	0.9	0.9	0.9	0.9	0.9	0.9	0.9	0.9	0.9	0.9	0.9	0.9	0.9	0.9	0.9	0.9	0.9	0.9	0.9
KEBMCHph	0.9	0.9	0.9	0.9	0.9	0.9	0.9	0.9	0.9	0.9	0.9	0.9	0.9	0.9	0.9	0.9	0.9	0.9	0.9	0.9	0.9
KEDSCCph	0.92	0.92	0.92	0.92	0.92	0.92	0.92	0.92	0.92	0.92	0.92	0.92	0.92	0.92	0.92	0.92	0.92	0.92	0.92	0.92	0.92
KENGCCpn	0.9	0.9	0.9	0.9	0.9	0.9	0.9	0.9	0.9	0.9	0.9	0.9	0.9	0.9	0.9	0.9	0.9	0.9	0.9	0.9	0.9
KECOSCpn	0.9	0.9	0.9	0.9	0.9	0.9	0.9	0.9	0.9	0.9	0.9	0.9	0.9	0.9	0.9	0.9	0.9	0.9	0.9	0.9	0.9
KENULWpn	0.9	0.9	0.9	0.9	0.9	0.9	0.9	0.9	0.9	0.9	0.9	0.9	0.9	0.9	0.9	0.9	0.9	0.9	0.9	0.9	0.9
KEGOFSph	0.95	0.95	0.95	0.95	0.95	0.95	0.95	0.95	0.95	0.95	0.95	0.95	0.95	0.95	0.95	0.95	0.95	0.95	0.95	0.95	0.95
KEGOBIph	0.95	0.95	0.95	0.95	0.95	0.95	0.95	0.95	0.95	0.95	0.95	0.95	0.95	0.95	0.95	0.95	0.95	0.95	0.95	0.95	0.95
KEHYDMph3MA	0.9	0.9	0.9	0.9	0.9	0.9	0.9	0.9	0.9	0.9	0.9	0.9	0.9	0.9	0.9	0.9	0.9	0.9	0.9	0.9	0.9
KEHYDMph3KA	0.9	0.9	0.9	0.9	0.9	0.9	0.9	0.9	0.9	0.9	0.9	0.9	0.9	0.9	0.9	0.9	0.9	0.9	0.9	0.9	0.9
KEHYDMph3GI	0.9	0.9	0.9	0.9	0.9	0.9	0.9	0.9	0.9	0.9	0.9	0.9	0.9	0.9	0.9	0.9	0.9	0.9	0.9	0.9	0.9
KEHYDMph3KIN	0.9	0.9	0.9	0.9	0.9	0.9	0.9	0.9	0.9	0.9	0.9	0.9	0.9	0.9	0.9	0.9	0.9	0.9	0.9	0.9	0.9
KEHYDMph3KIA	0.9	0.9	0.9	0.9	0.9	0.9	0.9	0.9	0.9	0.9	0.9	0.9	0.9	0.9	0.9	0.9	0.9	0.9	0.9	0.9	0.9
KEHYDMpn3MU	0.9	0.9	0.9	0.9	0.9	0.9	0.9	0.9	0.9	0.9	0.9	0.9	0.9	0.9	0.9	0.9	0.9	0.9	0.9	0.9	0.9
KEHYDMpn3LGF	0.9	0.9	0.9	0.9	0.9	0.9	0.9	0.9	0.9	0.9	0.9	0.9	0.9	0.9	0.9	0.9	0.9	0.9	0.9	0.9	0.9
KEHYDMpn3HGF	0.9	0.9	0.9	0.9	0.9	0.9	0.9	0.9	0.9	0.9	0.9	0.9	0.9	0.9	0.9	0.9	0.9	0.9	0.9	0.9	0.9
KEIMPETH 0.85	0.85	0.85	0.85	0.85	0.85	0.85	0.85	0.85	0.85	0.85	0.85	0.85	0.85	0.85	0.85	0.85	0.85	0.85	0.85	0.85	
;

param InputActivityRatio default 0 :=
Kenya KEHFCCph KEHF 1 2020 2.222200
Kenya KEHFCCph KEHF 1 2021 2.222200
Kenya KEHFCCph KEHF 1 2022 2.222200
Kenya KEHFCCph KEHF 1 2023 2.222200
Kenya KEHFCCph KEHF 1 2024 2.222200
Kenya KEHFCCph KEHF 1 2025 2.222200
Kenya KEHFCCph KEHF 1 2026 2.222200
Kenya KEHFCCph KEHF 1 2027 2.222200
Kenya KEHFCCph KEHF 1 2028 2.222200
Kenya KEHFCCph KEHF 1 2029 2.222200
Kenya KEHFCCph KEHF 1 2030 2.222200
Kenya KEHFCCph KEHF 1 2031 2.222200
Kenya KEHFCCph KEHF 1 2032 2.222200
Kenya KEHFCCph KEHF 1 2033 2.222200
Kenya KEHFCCph KEHF 1 2034 2.222200
Kenya KEHFCCph KEHF 1 2035 2.222200
Kenya KEHFCCph KEHF 1 2036 2.222200
Kenya KEHFCCph KEHF 1 2037 2.222200
Kenya KEHFCCph KEHF 1 2038 2.222200
Kenya KEHFCCph KEHF 1 2039 2.222200
Kenya KEHFCCph KEHF 1 2040 2.222200
Kenya KEBMCHph KEBM 1 2020 4.000000
Kenya KEBMCHph KEBM 1 2021 4.000000
Kenya KEBMCHph KEBM 1 2022 4.000000
Kenya KEBMCHph KEBM 1 2023 4.000000
Kenya KEBMCHph KEBM 1 2024 4.000000
Kenya KEBMCHph KEBM 1 2025 4.000000
Kenya KEBMCHph KEBM 1 2026 4.000000
Kenya KEBMCHph KEBM 1 2027 4.000000
Kenya KEBMCHph KEBM 1 2028 4.000000
Kenya KEBMCHph KEBM 1 2029 4.000000
Kenya KEBMCHph KEBM 1 2030 4.000000
Kenya KEBMCHph KEBM 1 2031 4.000000
Kenya KEBMCHph KEBM 1 2032 4.000000
Kenya KEBMCHph KEBM 1 2033 4.000000
Kenya KEBMCHph KEBM 1 2034 4.000000
Kenya KEBMCHph KEBM 1 2035 4.000000
Kenya KEBMCHph KEBM 1 2036 4.000000
Kenya KEBMCHph KEBM 1 2037 4.000000
Kenya KEBMCHph KEBM 1 2038 4.000000
Kenya KEBMCHph KEBM 1 2039 4.000000
Kenya KEBMCHph KEBM 1 2040 4.000000
Kenya KEDSCCph KEDS 1 2020 2.222200
Kenya KEDSCCph KEDS 1 2021 2.222200
Kenya KEDSCCph KEDS 1 2022 2.222200
Kenya KEDSCCph KEDS 1 2023 2.222200
Kenya KEDSCCph KEDS 1 2024 2.222200
Kenya KEDSCCph KEDS 1 2025 2.222200
Kenya KEDSCCph KEDS 1 2026 2.222200
Kenya KEDSCCph KEDS 1 2027 2.222200
Kenya KEDSCCph KEDS 1 2028 2.222200
Kenya KEDSCCph KEDS 1 2029 2.222200
Kenya KEDSCCph KEDS 1 2030 2.222200
Kenya KEDSCCph KEDS 1 2031 2.222200
Kenya KEDSCCph KEDS 1 2032 2.222200
Kenya KEDSCCph KEDS 1 2033 2.222200
Kenya KEDSCCph KEDS 1 2034 2.222200
Kenya KEDSCCph KEDS 1 2035 2.222200
Kenya KEDSCCph KEDS 1 2036 2.222200
Kenya KEDSCCph KEDS 1 2037 2.222200
Kenya KEDSCCph KEDS 1 2038 2.222200
Kenya KEDSCCph KEDS 1 2039 2.222200
Kenya KEDSCCph KEDS 1 2040 2.222200
Kenya KENGCCpn KENG 1 2020 2.020200
Kenya KENGCCpn KENG 1 2021 2.020200
Kenya KENGCCpn KENG 1 2022 2.020200
Kenya KENGCCpn KENG 1 2023 2.020200
Kenya KENGCCpn KENG 1 2024 2.020200
Kenya KENGCCpn KENG 1 2025 2.020200
Kenya KENGCCpn KENG 1 2026 2.020200
Kenya KENGCCpn KENG 1 2027 2.020200
Kenya KENGCCpn KENG 1 2028 2.020200
Kenya KENGCCpn KENG 1 2029 2.020200
Kenya KENGCCpn KENG 1 2030 2.020200
Kenya KENGCCpn KENG 1 2031 2.020200
Kenya KENGCCpn KENG 1 2032 2.020200
Kenya KENGCCpn KENG 1 2033 2.020200
Kenya KENGCCpn KENG 1 2034 2.020200
Kenya KENGCCpn KENG 1 2035 2.020200
Kenya KENGCCpn KENG 1 2036 2.020200
Kenya KENGCCpn KENG 1 2037 2.020200
Kenya KENGCCpn KENG 1 2038 2.020200
Kenya KENGCCpn KENG 1 2039 2.020200
Kenya KENGCCpn KENG 1 2040 2.020200
Kenya KECOSCpn KECO 1 2020 2.564000
Kenya KECOSCpn KECO 1 2021 2.564000
Kenya KECOSCpn KECO 1 2022 2.564000
Kenya KECOSCpn KECO 1 2023 2.564000
Kenya KECOSCpn KECO 1 2024 2.564000
Kenya KECOSCpn KECO 1 2025 2.564000
Kenya KECOSCpn KECO 1 2026 2.564000
Kenya KECOSCpn KECO 1 2027 2.564000
Kenya KECOSCpn KECO 1 2028 2.564000
Kenya KECOSCpn KECO 1 2029 2.564000
Kenya KECOSCpn KECO 1 2030 2.564000
Kenya KECOSCpn KECO 1 2031 2.564000
Kenya KECOSCpn KECO 1 2032 2.564000
Kenya KECOSCpn KECO 1 2033 2.564000
Kenya KECOSCpn KECO 1 2034 2.564000
Kenya KECOSCpn KECO 1 2035 2.564000
Kenya KECOSCpn KECO 1 2036 2.564000
Kenya KECOSCpn KECO 1 2037 2.564000
Kenya KECOSCpn KECO 1 2038 2.564000
Kenya KECOSCpn KECO 1 2039 2.564000
Kenya KECOSCpn KECO 1 2040 2.564000
Kenya KENULWpn KEUR 1 2020 2.702700
Kenya KENULWpn KEUR 1 2021 2.702700
Kenya KENULWpn KEUR 1 2022 2.702700
Kenya KENULWpn KEUR 1 2023 2.702700
Kenya KENULWpn KEUR 1 2024 2.702700
Kenya KENULWpn KEUR 1 2025 2.702700
Kenya KENULWpn KEUR 1 2026 2.702700
Kenya KENULWpn KEUR 1 2027 2.702700
Kenya KENULWpn KEUR 1 2028 2.702700
Kenya KENULWpn KEUR 1 2029 2.702700
Kenya KENULWpn KEUR 1 2030 2.702700
Kenya KENULWpn KEUR 1 2031 2.702700
Kenya KENULWpn KEUR 1 2032 2.702700
Kenya KENULWpn KEUR 1 2033 2.702700
Kenya KENULWpn KEUR 1 2034 2.702700
Kenya KENULWpn KEUR 1 2035 2.702700
Kenya KENULWpn KEUR 1 2036 2.702700
Kenya KENULWpn KEUR 1 2037 2.702700
Kenya KENULWpn KEUR 1 2038 2.702700
Kenya KENULWpn KEUR 1 2039 2.702700
Kenya KENULWpn KEUR 1 2040 2.702700
Kenya KECOBSpn KECO 1 2020 2.857100
Kenya KECOBSpn KECO 1 2021 2.857100
Kenya KECOBSpn KECO 1 2022 2.857100
Kenya KECOBSpn KECO 1 2023 2.857100
Kenya KECOBSpn KECO 1 2024 2.857100
Kenya KECOBSpn KECO 1 2025 2.857100
Kenya KECOBSpn KECO 1 2026 2.857100
Kenya KECOBSpn KECO 1 2027 2.857100
Kenya KECOBSpn KECO 1 2028 2.857100
Kenya KECOBSpn KECO 1 2029 2.857100
Kenya KECOBSpn KECO 1 2030 2.857100
Kenya KECOBSpn KECO 1 2031 2.857100
Kenya KECOBSpn KECO 1 2032 2.857100
Kenya KECOBSpn KECO 1 2033 2.857100
Kenya KECOBSpn KECO 1 2034 2.857100
Kenya KECOBSpn KECO 1 2035 2.857100
Kenya KECOBSpn KECO 1 2036 2.857100
Kenya KECOBSpn KECO 1 2037 2.857100
Kenya KECOBSpn KECO 1 2038 2.857100
Kenya KECOBSpn KECO 1 2039 2.857100
Kenya KECOBSpn KECO 1 2040 2.857100
Kenya KEEL00t00 KEEL1 1 2020 1.000000
Kenya KEEL00t00 KEEL1 1 2021 1.000000
Kenya KEEL00t00 KEEL1 1 2022 1.000000
Kenya KEEL00t00 KEEL1 1 2023 1.000000
Kenya KEEL00t00 KEEL1 1 2024 1.000000
Kenya KEEL00t00 KEEL1 1 2025 1.000000
Kenya KEEL00t00 KEEL1 1 2026 1.000000
Kenya KEEL00t00 KEEL1 1 2027 1.000000
Kenya KEEL00t00 KEEL1 1 2028 1.000000
Kenya KEEL00t00 KEEL1 1 2029 1.000000
Kenya KEEL00t00 KEEL1 1 2030 1.000000
Kenya KEEL00t00 KEEL1 1 2031 1.000000
Kenya KEEL00t00 KEEL1 1 2032 1.000000
Kenya KEEL00t00 KEEL1 1 2033 1.000000
Kenya KEEL00t00 KEEL1 1 2034 1.000000
Kenya KEEL00t00 KEEL1 1 2035 1.000000
Kenya KEEL00t00 KEEL1 1 2036 1.000000
Kenya KEEL00t00 KEEL1 1 2037 1.000000
Kenya KEEL00t00 KEEL1 1 2038 1.000000
Kenya KEEL00t00 KEEL1 1 2039 1.000000
Kenya KEEL00t00 KEEL1 1 2040 1.000000
;

param ModelPeriodEmissionLimit default 999999999 :=
;

param AccumulatedAnnualDemand default 0 :=
;

#Mtonne CO2/TJ (checked towards TEMBA)
param EmissionActivityRatio default 0 :=
Kenya	KEHFCCph	CO2	1	2020	7.01006E-05
Kenya	KEHFCCph	CO2	1	2021	7.01006E-05
Kenya	KEHFCCph	CO2	1	2022	7.01006E-05
Kenya	KEHFCCph	CO2	1	2023	7.01006E-05
Kenya	KEHFCCph	CO2	1	2024	7.01006E-05
Kenya	KEHFCCph	CO2	1	2025	7.01006E-05
Kenya	KEHFCCph	CO2	1	2026	7.01006E-05
Kenya	KEHFCCph	CO2	1	2027	7.01006E-05
Kenya	KEHFCCph	CO2	1	2028	7.01006E-05
Kenya	KEHFCCph	CO2	1	2029	7.01006E-05
Kenya	KEHFCCph	CO2	1	2030	7.01006E-05
Kenya	KEHFCCph	CO2	1	2031	7.01006E-05
Kenya	KEHFCCph	CO2	1	2032	7.01006E-05
Kenya	KEHFCCph	CO2	1	2033	7.01006E-05
Kenya	KEHFCCph	CO2	1	2034	7.01006E-05
Kenya	KEHFCCph	CO2	1	2035	7.01006E-05
Kenya	KEHFCCph	CO2	1	2036	7.01006E-05
Kenya	KEHFCCph	CO2	1	2037	7.01006E-05
Kenya	KEHFCCph	CO2	1	2038	7.01006E-05
Kenya	KEHFCCph	CO2	1	2039	7.01006E-05
Kenya	KEHFCCph	CO2	1	2040	7.01006E-05
Kenya	KEHFCCph	NOX	1	2020	5.69E-10
Kenya	KEHFCCph	NOX	1	2021	5.69E-10
Kenya	KEHFCCph	NOX	1	2022	5.69E-10
Kenya	KEHFCCph	NOX	1	2023	5.69E-10
Kenya	KEHFCCph	NOX	1	2024	5.69E-10
Kenya	KEHFCCph	NOX	1	2025	5.69E-10
Kenya	KEHFCCph	NOX	1	2026	5.69E-10
Kenya	KEHFCCph	NOX	1	2027	5.69E-10
Kenya	KEHFCCph	NOX	1	2028	5.69E-10
Kenya	KEHFCCph	NOX	1	2029	5.69E-10
Kenya	KEHFCCph	NOX	1	2030	5.69E-10
Kenya	KEHFCCph	NOX	1	2031	5.69E-10
Kenya	KEHFCCph	NOX	1	2032	5.69E-10
Kenya	KEHFCCph	NOX	1	2033	5.69E-10
Kenya	KEHFCCph	NOX	1	2034	5.69E-10
Kenya	KEHFCCph	NOX	1	2035	5.69E-10
Kenya	KEHFCCph	NOX	1	2036	5.69E-10
Kenya	KEHFCCph	NOX	1	2037	5.69E-10
Kenya	KEHFCCph	NOX	1	2038	5.69E-10
Kenya	KEHFCCph	NOX	1	2039	5.69E-10
Kenya	KEHFCCph	NOX	1	2040	5.69E-10
Kenya	KEDSCCph	CO2	1	2020	6.94276E-05
Kenya	KEDSCCph	CO2	1	2021	6.94276E-05
Kenya	KEDSCCph	CO2	1	2022	6.94276E-05
Kenya	KEDSCCph	CO2	1	2023	6.94276E-05
Kenya	KEDSCCph	CO2	1	2024	6.94276E-05
Kenya	KEDSCCph	CO2	1	2025	6.94276E-05
Kenya	KEDSCCph	CO2	1	2026	6.94276E-05
Kenya	KEDSCCph	CO2	1	2027	6.94276E-05
Kenya	KEDSCCph	CO2	1	2028	6.94276E-05
Kenya	KEDSCCph	CO2	1	2029	6.94276E-05
Kenya	KEDSCCph	CO2	1	2030	6.94276E-05
Kenya	KEDSCCph	CO2	1	2031	6.94276E-05
Kenya	KEDSCCph	CO2	1	2032	6.94276E-05
Kenya	KEDSCCph	CO2	1	2033	6.94276E-05
Kenya	KEDSCCph	CO2	1	2034	6.94276E-05
Kenya	KEDSCCph	CO2	1	2035	6.94276E-05
Kenya	KEDSCCph	CO2	1	2036	6.94276E-05
Kenya	KEDSCCph	CO2	1	2037	6.94276E-05
Kenya	KEDSCCph	CO2	1	2038	6.94276E-05
Kenya	KEDSCCph	CO2	1	2039	6.94276E-05
Kenya	KEDSCCph	CO2	1	2040	6.94276E-05
Kenya	KEDSCCph	NOX	1	2020	5.69E-10
Kenya	KEDSCCph	NOX	1	2021	5.69E-10
Kenya	KEDSCCph	NOX	1	2022	5.69E-10
Kenya	KEDSCCph	NOX	1	2023	5.69E-10
Kenya	KEDSCCph	NOX	1	2024	5.69E-10
Kenya	KEDSCCph	NOX	1	2025	5.69E-10
Kenya	KEDSCCph	NOX	1	2026	5.69E-10
Kenya	KEDSCCph	NOX	1	2027	5.69E-10
Kenya	KEDSCCph	NOX	1	2028	5.69E-10
Kenya	KEDSCCph	NOX	1	2029	5.69E-10
Kenya	KEDSCCph	NOX	1	2030	5.69E-10
Kenya	KEDSCCph	NOX	1	2031	5.69E-10
Kenya	KEDSCCph	NOX	1	2032	5.69E-10
Kenya	KEDSCCph	NOX	1	2033	5.69E-10
Kenya	KEDSCCph	NOX	1	2034	5.69E-10
Kenya	KEDSCCph	NOX	1	2035	5.69E-10
Kenya	KEDSCCph	NOX	1	2036	5.69E-10
Kenya	KEDSCCph	NOX	1	2037	5.69E-10
Kenya	KEDSCCph	NOX	1	2038	5.69E-10
Kenya	KEDSCCph	NOX	1	2039	5.69E-10
Kenya	KEDSCCph	NOX	1	2040	5.69E-10
Kenya	KENGCCpn	CO2	1	2020	5.02912E-05
Kenya	KENGCCpn	CO2	1	2021	5.02912E-05
Kenya	KENGCCpn	CO2	1	2022	5.02912E-05
Kenya	KENGCCpn	CO2	1	2023	5.02912E-05
Kenya	KENGCCpn	CO2	1	2024	5.02912E-05
Kenya	KENGCCpn	CO2	1	2025	5.02912E-05
Kenya	KENGCCpn	CO2	1	2026	5.02912E-05
Kenya	KENGCCpn	CO2	1	2027	5.02912E-05
Kenya	KENGCCpn	CO2	1	2028	5.02912E-05
Kenya	KENGCCpn	CO2	1	2029	5.02912E-05
Kenya	KENGCCpn	CO2	1	2030	5.02912E-05
Kenya	KENGCCpn	CO2	1	2031	5.02912E-05
Kenya	KENGCCpn	CO2	1	2032	5.02912E-05
Kenya	KENGCCpn	CO2	1	2033	5.02912E-05
Kenya	KENGCCpn	CO2	1	2034	5.02912E-05
Kenya	KENGCCpn	CO2	1	2035	5.02912E-05
Kenya	KENGCCpn	CO2	1	2036	5.02912E-05
Kenya	KENGCCpn	CO2	1	2037	5.02912E-05
Kenya	KENGCCpn	CO2	1	2038	5.02912E-05
Kenya	KENGCCpn	CO2	1	2039	5.02912E-05
Kenya	KENGCCpn	CO2	1	2040	5.02912E-05
Kenya	KENGCCpn	NOX	1	2020	9.48E-11
Kenya	KENGCCpn	NOX	1	2021	9.48E-11
Kenya	KENGCCpn	NOX	1	2022	9.48E-11
Kenya	KENGCCpn	NOX	1	2023	9.48E-11
Kenya	KENGCCpn	NOX	1	2024	9.48E-11
Kenya	KENGCCpn	NOX	1	2025	9.48E-11
Kenya	KENGCCpn	NOX	1	2026	9.48E-11
Kenya	KENGCCpn	NOX	1	2027	9.48E-11
Kenya	KENGCCpn	NOX	1	2028	9.48E-11
Kenya	KENGCCpn	NOX	1	2029	9.48E-11
Kenya	KENGCCpn	NOX	1	2030	9.48E-11
Kenya	KENGCCpn	NOX	1	2031	9.48E-11
Kenya	KENGCCpn	NOX	1	2032	9.48E-11
Kenya	KENGCCpn	NOX	1	2033	9.48E-11
Kenya	KENGCCpn	NOX	1	2034	9.48E-11
Kenya	KENGCCpn	NOX	1	2035	9.48E-01
Kenya	KENGCCpn	NOX	1	2036	9.48E-11
Kenya	KENGCCpn	NOX	1	2037	9.48E-11
Kenya	KENGCCpn	NOX	1	2038	9.48E-11
Kenya	KENGCCpn	NOX	1	2039	9.48E-01
Kenya	KENGCCpn	NOX	1	2040	9.48E-11
Kenya	KECOSCpn	CO2	1	2020	0.0000905
Kenya	KECOSCpn	CO2	1	2021	0.0000905
Kenya	KECOSCpn	CO2	1	2022	0.0000905
Kenya	KECOSCpn	CO2	1	2023	0.0000905
Kenya	KECOSCpn	CO2	1	2024	0.0000905
Kenya	KECOSCpn	CO2	1	2025	0.0000905
Kenya	KECOSCpn	CO2	1	2026	0.0000905
Kenya	KECOSCpn	CO2	1	2027	0.0000905
Kenya	KECOSCpn	CO2	1	2028	0.0000905
Kenya	KECOSCpn	CO2	1	2029	0.0000905
Kenya	KECOSCpn	CO2	1	2030	0.0000905
Kenya	KECOSCpn	CO2	1	2031	0.0000905
Kenya	KECOSCpn	CO2	1	2032	0.0000905
Kenya	KECOSCpn	CO2	1	2033	0.0000905
Kenya	KECOSCpn	CO2	1	2034	0.0000905
Kenya	KECOSCpn	CO2	1	2035	0.0000905
Kenya	KECOSCpn	CO2	1	2036	0.0000905
Kenya	KECOSCpn	CO2	1	2037	0.0000905
Kenya	KECOSCpn	CO2	1	2038	0.0000905
Kenya	KECOSCpn	CO2	1	2039	0.0000905
Kenya	KECOSCpn	CO2	1	2040	0.0000905
Kenya	KECOSCpn	NOX	1	2020	1.5165E-09
Kenya	KECOSCpn	NOX	1	2021	1.5165E-09
Kenya	KECOSCpn	NOX	1	2022	1.5165E-09
Kenya	KECOSCpn	NOX	1	2023	1.5165E-09
Kenya	KECOSCpn	NOX	1	2024	1.5165E-09
Kenya	KECOSCpn	NOX	1	2025	1.5165E-09
Kenya	KECOSCpn	NOX	1	2026	1.5165E-09
Kenya	KECOSCpn	NOX	1	2027	1.5165E-09
Kenya	KECOSCpn	NOX	1	2028	1.5165E-09
Kenya	KECOSCpn	NOX	1	2029	1.5165E-09
Kenya	KECOSCpn	NOX	1	2030	1.5165E-09
Kenya	KECOSCpn	NOX	1	2031	1.5165E-09
Kenya	KECOSCpn	NOX	1	2032	1.5165E-09
Kenya	KECOSCpn	NOX	1	2033	1.5165E-09
Kenya	KECOSCpn	NOX	1	2034	1.5165E-09
Kenya	KECOSCpn	NOX	1	2035	1.5165E-09
Kenya	KECOSCpn	NOX	1	2036	1.5165E-09
Kenya	KECOSCpn	NOX	1	2037	1.5165E-09
Kenya	KECOSCpn	NOX	1	2038	1.5165E-09
Kenya	KECOSCpn	NOX	1	2039	1.5165E-09
Kenya	KECOSCpn	NOX	1	2040	1.5165E-09
;

param ReserveMargin default 1 :=
;

param AnnualEmissionLimit default 9999999999 :=
;

param TradeRoute default 0 :=
;

param SpecifiedAnnualDemand default 0 :=
;

param RETagFuel default 0 :=
;

param CapacityOfOneTechnologyUnit default 0 :=
;

param TotalTechnologyModelPeriodActivityUpperLimit default 9999999999999999 :=
;

param ResidualCapacity default 0 :=
[Kenya,*,*]:
2020	2021	2022	2023	2024	2025	2026	2027	2028	2029	2030	2031	2032	2033	2034	2035	2036	2037	2038	2039	2040:=
WI31ph	126000	126000	126000	126000	126000	126000	126000	126000	121000	121000	121000	121000	121000	121000	121000	101000	101000	101000	101000	101000	101000
KEDSCCph	54000	54000	54000	54000	54000	54000	54000	54000	0	0	0	0	0	0	0	0	0	0	0	0	0
KEHYRRph1	31000	31000	31000	31000	31000	31000	31000	31000	31000	31000	31000	31000	31000	31000	31000	31000	31000	31000	31000	31000	31000
KEHYDMph2	96800	96800	96800	96800	96800	96800	96800	96800	96800	96800	96800	96800	96800	96800	96800	96800	96800	96800	96800	96800	96800
KEHYDMph3	106000	106000	106000	106000	106000	106000	106000	106000	106000	106000	106000	106000	106000	106000	106000	106000	106000	106000	106000	106000	106000
KEHYDMph3MA	40000	40000	40000	40000	40000	40000	40000	40000	40000	40000	40000	40000	0	0	0	0	0	0	0	0	0
KEHYDMph3KA	94200	94200	94200	94200	94200	94200	94200	94200	94200	0	0	0	0	0	0	0	0	0	0	0	0
KEHYDMph3GI	225000	225000	225000	225000	225000	225000	225000	225000	225000	225000	225000	225000	225000	0	0	0	0	0	0	0	0
KEHYDMph3KIN	72000	72000	72000	72000	72000	72000	72000	72000	72000	72000	72000	72000	0	0	0	0	0	0	0	0	0
KEHYDMph3KIA	168000	168000	168000	168000	168000	168000	168000	168000	168000	168000	168000	168000	168000	168000	168000	168000	168000	168000	168000	168000	168000
KEGOBIph	238000	238000	238000	238000	238000	238000	238000	238000	238000	190000	190000	190000	190000	190000	190000	190000	190000	190000	173000	173000	173000
KEBMCHph	2000	2000	2000	2000	2000	2000	2000	2000	2000	2000	2000	2000	2000	2000	0	0	0	0	0	0	0
KEHFCCph	641500	567500	567500	507500	507500	507500	507500	507500	507500	507500	417500	302500	302500	302500	83000	0	0	0	0	0	0
KEGOFSph	367000	367000	367000	367000	367000	367000	367000	367000	367000	367000	367000	367000	367000	262000	200000	200000	145000	145000	145000	145000	145000
KESOU1ph	1000	1000	1000	1000	1000	1000	1000	1000	1000	1000	1000	1000	1000	1000	1000	1000	1000	1000	1000	1000	1000
KEEL00t00	1695467.665	1695467.665	1695467.665	1695467.665	1695467.665	1695467.665	1695467.665	1695467.665	1695467.665	1695467.665	1695467.665	1695467.665	1695467.665	1695467.665	1695467.665	1695467.665	1695467.665	1695467.665	1695467.665	1695467.665	1695467.665
;

param YearSplit default 0 :
;

param ReserveMarginTagTechnology default 0 :=
;

end;
