###############
#    Sets     #
###############
#
set REGION := Benin ;
set YEAR := 2020	2021	2022	2023	2024	2025	2026	2027	2028	2029	2030	2031	2032	2033	2034	2035	2036	2037	2038	2039	2040;
set EMISSION := CO2;
set FUEL :=  BENBIO	BENCO3	BENCOA	BENCR3	BENCO1	BENCO2	BENDEL	BENDLG	BENDNG	BENEL1	EL2	BENEL3E	BENFW3	BENGA3	BENGAS	BENGASP	BENHF3	BENHFE	BENHFO	BENLF3	BENLFE	BENLFO	BENSOL	BENURN	BENWIN	BENEL3U	BENEL3	BENHE2;
set TIMESLICE := JFMA_D	JFMA_E	JFMA_N	MJJ_D	MJJ_E	MJJ_N	ASO_D	ASO_E	ASO_N	ND_D	ND_E	ND_N;
set MODE_OF_OPERATION := 1 ;
set TECHNOLOGY :=  BENBACKSTOP	BENBIOCHC01N	BENBIOCHP01N	BENBIOCHP01O	BENBIODIP00X	BENBIOIMP00X	BENBIOPRP00X	BENCO1DIP00X	BENCO1IMP00X	BENCO1PRP00X	BENCO1R1P00X	BENCO1R2P00X	BENCO1RCP00X	BENCOADIP00X	BENCOAIMP00X	BENCOAPRP00X	BENCOASCC01N	BENCOASCP01N	BENCOASCP01O	BENEL1TRP00X	BENEL2DIP00X	BENEL3DIP00X	BENEL4DIP00X	BENELGHABP00	BENELNERBP00	BENGAS00IPIX	BENGEOCVP01N	BENGEOCVP01O	BENHFODIP00X	BENHFOEMP00X	BENHFOGCP01N	BENHFOGCP01O	BENHFOIMP00X	BENHYDLSP00X	BENHYDMGRID1	BENHYDMSP00X	BENHYDSSP00X	BENLFODIP00X	BENLFOEMP00X	BENLFOIMP00X	BENLFOMGRID1	BENLFORCP00X	BENLFORCP01N	BENLFORCP01O	BENLFOSALON1	BENLNGEXP00X	BENLNGIMP00X	BENNGACCC01N	BENNGACCP01N	BENNGACCP01O	BENNGADIP00X	BENNGAGCP01N	BENNGAGCP01O	BENNGAPRP00X	BENNGGCP01N	BENNGGCP01O	BENSOLARP00X	BENSOLCNP01X	BENSOLCSP01X	BENSOLMGRID1	BENSOLPRP00X	BENSOLPRSAL1	BENSOLPRSAL2	BENSOLPRSAL3	BENSOLPRSAL4	BENSOLPRSAL5	BENSOLPSP00X	BENSOLPUP00X	BENURNIMP00X	BENURNPRP00X	BENURNPWP01N	BENURNPWP01O	BENWINMGRID1	BENWINOFP00X	BENWINONP00X	BENWINPRP00X	GHAELBENBP00	NERELBENBP00	NGAELBENBP00	NGAGABENBP00	TGOELBENBP00;
set SEASON:=;
set DAYTYPE:=;
set DAILYTIMEBRACKET:=;
set STORAGE:=;


#####################
#    Parameters     #
#####################
#
# Units are TJ, MW and kUSD

param ResultsPath :=
;

param Peakdemand default 999999999:=
;

param MaxKmPerTech default 9999999999 :=
;

param CapitalCostkmkW default 0 :=
;



param TotalTechnologyAnnualActivityUpperLimit default 999999999999999999999 :=
[Benin,*,*]:																									
2020	2021	2022	2023	2024	2025	2026	2027	2028	2029	2030	2031	2032	2033	2034	2035	2036	2037	2038	2039	2040:=	
BENHFOEMP00X	0	0	0	0	0	0	0	0	0	0	0	0	0	0	0	0	0	0	0	0	0
BENLFOEMP00X	0	0	0	0	0	0	0	0	0	0	0	0	0	0	0	0	0	0	0	0	0
BENLFOMGRID1	0	0	0	0	0	0	0	0	0	0	0	0	0	0	0	0	0	0	0	0	0
BENHYDMGRID1	0	0	0	0	0	0	0	0	0	0	0	0	0	0	0	0	0	0	0	0	0
BENWINMGRID1	0	0	0	0	0	0	0	0	0	0	0	0	0	0	0	0	0	0	0	0	0
BENSOLMGRID1	0	0	0	0	0	0	0	0	0	0	0	0	0	0	0	0	0	0	0	0	0
BENSOLPRSAL4	76.3221864	152.6443728	228.9665592	305.2887456	381.610932	457.9331184	534.2553048	610.5774912	686.8996776	763.221864	839.5440504	839.5440504	839.5440504	839.5440504	839.5440504	839.5440504	839.5440504	839.5440504	839.5440504	839.5440504	839.5440504
BENSOLPRSAL1	0	0	0	0	0	0	0	0	0	0	0	0	0	0	0	0	0	0	0	0	0
BENSOLPRSAL2	0	0	0	0	0	0	0	0	0	0	0	0	0	0	0	0	0	0	0	0	0
BENSOLPRSAL3	0	0	0	0	0	0	0	0	0	0	0	0	0	0	0	0	0	0	0	0	0
BENSOLPRSAL5	0	0	0	0	0	0	0	0	0	0	0	0	0	0	0	0	0	0	0	0	0
BENLFOSALON1	0	0	0	0	0	0	0	0	0	0	0	0	0	0	0	0	0	0	0	0	0
;

param RETagTechnology default 0 :=
;

param DaysInDayType default 7 :=
;

param EmissionsPenalty default 0 :=
;

param ModelPeriodExogenousEmission default 0 :=
;

param StorageMaxDischargeRate default 0 :=
;
#USD/GJ
param VariableCost default 0 :=
[Benin,BENBACKSTOP,*,*]:
2020	2021	2022	2023	2024	2025	2026	2027	2028	2029	2030	2031	2032	2033	2034	2035	2036	2037	2038	2039	2040:=	
1	999999	999999	999999	999999	999999	999999	999999	999999	999999	999999	999999	999999	999999	999999	999999	999999	999999	999999	999999	999999	999999
[Benin,BENBIOIMP00X,*,*]:
2020	2021	2022	2023	2024	2025	2026	2027	2028	2029	2030	2031	2032	2033	2034	2035	2036	2037	2038	2039	2040:=	
1	1.616	1.616	1.616	1.616	1.616	1.616	1.616	1.616	1.616	1.616	1.616	1.616	1.616	1.616	1.616	1.616	1.616	1.616	1.616	1.616	1.616
[Benin,BENBIOPRP00X,*,*]:
2020	2021	2022	2023	2024	2025	2026	2027	2028	2029	2030	2031	2032	2033	2034	2035	2036	2037	2038	2039	2040:=	
1	1.6	1.6	1.6	1.6	1.6	1.6	1.6	1.6	1.6	1.6	1.6	1.6	1.6	1.6	1.6	1.6	1.6	1.6	1.6	1.6	1.6
[Benin,BENBIOCHC01N,*,*]:
2020	2021	2022	2023	2024	2025	2026	2027	2028	2029	2030	2031	2032	2033	2034	2035	2036	2037	2038	2039	2040:=	
1	6.7	6.69	6.68	6.67	6.66	6.65	6.64	6.63	6.62	6.61	6.6	6.59	6.58	6.57	6.56	6.55	6.54	6.53	6.52	6.51	6.5
[Benin,BENBIOCHP01N,*,*]:
2020	2021	2022	2023	2024	2025	2026	2027	2028	2029	2030	2031	2032	2033	2034	2035	2036	2037	2038	2039	2040:=	
1	0.00001	0.00001	0.00001	0.00001	0.00001	0.00001	0.00001	0.00001	0.00001	0.00001	0.00001	0.00001	0.00001	0.00001	0.00001	0.00001	0.00001	0.00001	0.00001	0.00001	0.00001
[Benin,BENBIOCHP01O,*,*]:
2020	2021	2022	2023	2024	2025	2026	2027	2028	2029	2030	2031	2032	2033	2034	2035	2036	2037	2038	2039	2040:=	
1	0.00001	0.00001	0.00001	0.00001	0.00001	0.00001	0.00001	0.00001	0.00001	0.00001	0.00001	0.00001	0.00001	0.00001	0.00001	0.00001	0.00001	0.00001	0.00001	0.00001	0.00001
[Benin,BENCOAIMP00X,*,*]:
2020	2021	2022	2023	2024	2025	2026	2027	2028	2029	2030	2031	2032	2033	2034	2035	2036	2037	2038	2039	2040:=	
1	4.858251177	4.777727677	4.697204176	4.616680676	4.536157176	4.455633676	4.455633676	4.455633676	4.455633676	4.455633676	4.455633676	4.444897209	4.434160743	4.423424276	4.412687809	4.401951342	4.369741942	4.337532542	4.305323142	4.273113742	4.240904342
[Benin,BENCOADIP00X,*,*]:
2020	2021	2022	2023	2024	2025	2026	2027	2028	2029	2030	2031	2032	2033	2034	2035	2036	2037	2038	2039	2040:=	
1	0.00001	0.00001	0.00001	0.00001	0.00001	0.00001	0.00001	0.00001	0.00001	0.00001	0.00001	0.00001	0.00001	0.00001	0.00001	0.00001	0.00001	0.00001	0.00001	0.00001	0.00001
[Benin,BENCOAPRP00X,*,*]:
2020	2021	2022	2023	2024	2025	2026	2027	2028	2029	2030	2031	2032	2033	2034	2035	2036	2037	2038	2039	2040:=	
1	999999	999999	999999	999999	999999	999999	999999	999999	999999	999999	999999	999999	999999	999999	999999	999999	999999	999999	999999	999999	999999
[Benin,BENCOASCC01N,*,*]:
2020	2021	2022	2023	2024	2025	2026	2027	2028	2029	2030	2031	2032	2033	2034	2035	2036	2037	2038	2039	2040:=	
1	0.00001	0.00001	0.00001	0.00001	0.00001	0.00001	0.00001	0.00001	0.00001	0.00001	0.00001	0.00001	0.00001	0.00001	0.00001	0.00001	0.00001	0.00001	0.00001	0.00001	0.00001
[Benin,BENCOASCP01N,*,*]:
2020	2021	2022	2023	2024	2025	2026	2027	2028	2029	2030	2031	2032	2033	2034	2035	2036	2037	2038	2039	2040:=	
1	0.00001	0.00001	0.00001	0.00001	0.00001	0.00001	0.00001	0.00001	0.00001	0.00001	0.00001	0.00001	0.00001	0.00001	0.00001	0.00001	0.00001	0.00001	0.00001	0.00001	0.00001
[Benin,BENCOASCP01O,*,*]:
2020	2021	2022	2023	2024	2025	2026	2027	2028	2029	2030	2031	2032	2033	2034	2035	2036	2037	2038	2039	2040:=	
1	0.00001	0.00001	0.00001	0.00001	0.00001	0.00001	0.00001	0.00001	0.00001	0.00001	0.00001	0.00001	0.00001	0.00001	0.00001	0.00001	0.00001	0.00001	0.00001	0.00001	0.00001
[Benin,BENCO1IMP00X,*,*]:
2020	2021	2022	2023	2024	2025	2026	2027	2028	2029	2030	2031	2032	2033	2034	2035	2036	2037	2038	2039	2040:=	
1	8.178040465	8.347533532	8.517026598	8.686519665	8.856012732	9.025505798	9.152625598	9.279745398	9.406865198	9.533984998	9.661104798	9.788224598	9.915344398	10.0424642	10.169584	10.2967038	10.39839964	10.50009548	10.60179132	10.70348716	10.805183
[Benin,BENCO1DIP00X,*,*]:
2020	2021	2022	2023	2024	2025	2026	2027	2028	2029	2030	2031	2032	2033	2034	2035	2036	2037	2038	2039	2040:=	
1	0.00001	0.00001	0.00001	0.00001	0.00001	0.00001	0.00001	0.00001	0.00001	0.00001	0.00001	0.00001	0.00001	0.00001	0.00001	0.00001	0.00001	0.00001	0.00001	0.00001	0.00001
[Benin,BENCO1PRP00X,*,*]:
2020	2021	2022	2023	2024	2025	2026	2027	2028	2029	2030	2031	2032	2033	2034	2035	2036	2037	2038	2039	2040:=	
1	7.769138442	7.930156855	8.091175268	8.252193682	8.413212095	8.574230508	8.694994318	8.815758128	8.936521938	9.057285748	9.178049558	9.298813368	9.419577178	9.540340988	9.661104798	9.781868608	9.878479656	9.975090704	10.07170175	10.1683128	10.26492385
[Benin,BENCO1RCP00X,*,*]:
2020	2021	2022	2023	2024	2025	2026	2027	2028	2029	2030	2031	2032	2033	2034	2035	2036	2037	2038	2039	2040:=	
1	0.717753986	0.717753986	0.717753986	0.717753986	0.717753986	0.717753986	0.717753986	0.717753986	0.717753986	0.717753986	0.717753986	0.717753986	0.717753986	0.717753986	0.717753986	0.717753986	0.717753986	0.717753986	0.717753986	0.717753986	0.717753986
[Benin,BENCO1R1P00X,*,*]:
2020	2021	2022	2023	2024	2025	2026	2027	2028	2029	2030	2031	2032	2033	2034	2035	2036	2037	2038	2039	2040:=	
1	0.00001	0.00001	0.00001	0.00001	0.00001	0.00001	0.00001	0.00001	0.00001	0.00001	0.00001	0.00001	0.00001	0.00001	0.00001	0.00001	0.00001	0.00001	0.00001	0.00001	0.00001
[Benin,BENCO1R2P00X,*,*]:
2020	2021	2022	2023	2024	2025	2026	2027	2028	2029	2030	2031	2032	2033	2034	2035	2036	2037	2038	2039	2040:=	
1	0.00001	0.00001	0.00001	0.00001	0.00001	0.00001	0.00001	0.00001	0.00001	0.00001	0.00001	0.00001	0.00001	0.00001	0.00001	0.00001	0.00001	0.00001	0.00001	0.00001	0.00001
[Benin,BENEL1TRP00X,*,*]:
2020	2021	2022	2023	2024	2025	2026	2027	2028	2029	2030	2031	2032	2033	2034	2035	2036	2037	2038	2039	2040:=	
1	0.00001	0.00001	0.00001	0.00001	0.00001	0.00001	0.00001	0.00001	0.00001	0.00001	0.00001	0.00001	0.00001	0.00001	0.00001	0.00001	0.00001	0.00001	0.00001	0.00001	0.00001
[Benin,BENEL2DIP00X,*,*]:
2020	2021	2022	2023	2024	2025	2026	2027	2028	2029	2030	2031	2032	2033	2034	2035	2036	2037	2038	2039	2040:=	
1	0.00001	0.00001	0.00001	0.00001	0.00001	0.00001	0.00001	0.00001	0.00001	0.00001	0.00001	0.00001	0.00001	0.00001	0.00001	0.00001	0.00001	0.00001	0.00001	0.00001	0.00001
[Benin,BENELGHABP00,*,*]:
2020	2021	2022	2023	2024	2025	2026	2027	2028	2029	2030	2031	2032	2033	2034	2035	2036	2037	2038	2039	2040:=	
1	0.00001	0.00001	0.00001	0.00001	0.00001	0.00001	0.00001	0.00001	0.00001	0.00001	0.00001	0.00001	0.00001	0.00001	0.00001	0.00001	0.00001	0.00001	0.00001	0.00001	0.00001
[Benin,BENELNERBP00,*,*]:
2020	2021	2022	2023	2024	2025	2026	2027	2028	2029	2030	2031	2032	2033	2034	2035	2036	2037	2038	2039	2040:=	
1	0.00001	0.00001	0.00001	0.00001	0.00001	0.00001	0.00001	0.00001	0.00001	0.00001	0.00001	0.00001	0.00001	0.00001	0.00001	0.00001	0.00001	0.00001	0.00001	0.00001	0.00001
[Benin,BENBIODIP00X,*,*]:
2020	2021	2022	2023	2024	2025	2026	2027	2028	2029	2030	2031	2032	2033	2034	2035	2036	2037	2038	2039	2040:=	
1	0.00001	0.00001	0.00001	0.00001	0.00001	0.00001	0.00001	0.00001	0.00001	0.00001	0.00001	0.00001	0.00001	0.00001	0.00001	0.00001	0.00001	0.00001	0.00001	0.00001	0.00001
[Benin,BENHFOIMP00X,*,*]:
2020	2021	2022	2023	2024	2025	2026	2027	2028	2029	2030	2031	2032	2033	2034	2035	2036	2037	2038	2039	2040:=	
1	6.224665634	6.293443339	6.359775119	6.423660973	6.485100902	6.544094906	6.570225275	6.594521201	6.616982682	6.637609719	6.656402313	6.743986554	6.831570795	6.919155035	7.006739276	7.094323517	7.16439091	7.234458303	7.304525696	7.374593088	7.444660481
[Benin,BENHFODIP00X,*,*]:
2020	2021	2022	2023	2024	2025	2026	2027	2028	2029	2030	2031	2032	2033	2034	2035	2036	2037	2038	2039	2040:=	
1	0.00001	0.00001	0.00001	0.00001	0.00001	0.00001	0.00001	0.00001	0.00001	0.00001	0.00001	0.00001	0.00001	0.00001	0.00001	0.00001	0.00001	0.00001	0.00001	0.00001	0.00001
[Benin,BENHFOGCP01N,*,*]:
2020	2021	2022	2023	2024	2025	2026	2027	2028	2029	2030	2031	2032	2033	2034	2035	2036	2037	2038	2039	2040:=	
1	0.00001	0.00001	0.00001	0.00001	0.00001	0.00001	0.00001	0.00001	0.00001	0.00001	0.00001	0.00001	0.00001	0.00001	0.00001	0.00001	0.00001	0.00001	0.00001	0.00001	0.00001
[Benin,BENHFOGCP01O,*,*]:
2020	2021	2022	2023	2024	2025	2026	2027	2028	2029	2030	2031	2032	2033	2034	2035	2036	2037	2038	2039	2040:=	
1	0.00001	0.00001	0.00001	0.00001	0.00001	0.00001	0.00001	0.00001	0.00001	0.00001	0.00001	0.00001	0.00001	0.00001	0.00001	0.00001	0.00001	0.00001	0.00001	0.00001	0.00001
[Benin,BENHYDSSP00X,*,*]:
2020	2021	2022	2023	2024	2025	2026	2027	2028	2029	2030	2031	2032	2033	2034	2035	2036	2037	2038	2039	2040:=	
1	0.00001	0.00001	0.00001	0.00001	0.00001	0.00001	0.00001	0.00001	0.00001	0.00001	0.00001	0.00001	0.00001	0.00001	0.00001	0.00001	0.00001	0.00001	0.00001	0.00001	0.00001
[Benin,BENHYDMSP00X,*,*]:
2020	2021	2022	2023	2024	2025	2026	2027	2028	2029	2030	2031	2032	2033	2034	2035	2036	2037	2038	2039	2040:=	
1	0.00001	0.00001	0.00001	0.00001	0.00001	0.00001	0.00001	0.00001	0.00001	0.00001	0.00001	0.00001	0.00001	0.00001	0.00001	0.00001	0.00001	0.00001	0.00001	0.00001	0.00001
[Benin,BENHYDLSP00X,*,*]:
2020	2021	2022	2023	2024	2025	2026	2027	2028	2029	2030	2031	2032	2033	2034	2035	2036	2037	2038	2039	2040:=	
1	0.00001	0.00001	0.00001	0.00001	0.00001	0.00001	0.00001	0.00001	0.00001	0.00001	0.00001	0.00001	0.00001	0.00001	0.00001	0.00001	0.00001	0.00001	0.00001	0.00001	0.00001
[Benin,BENLFOIMP00X,*,*]:
2020	2021	2022	2023	2024	2025	2026	2027	2028	2029	2030	2031	2032	2033	2034	2035	2036	2037	2038	2039	2040:=	
1	10.55752112	10.67602675	10.79045915	10.90081833	11.00710429	11.10931703	11.15580928	11.19924661	11.23962903	11.27695652	11.3112291	11.46006107	11.60889303	11.75772499	11.90655695	12.05538891	12.17445448	12.29352005	12.41258562	12.53165119	12.65071676
[Benin,BENLFODIP00X,*,*]:
2020	2021	2022	2023	2024	2025	2026	2027	2028	2029	2030	2031	2032	2033	2034	2035	2036	2037	2038	2039	2040:=	
1	0.00001	0.00001	0.00001	0.00001	0.00001	0.00001	0.00001	0.00001	0.00001	0.00001	0.00001	0.00001	0.00001	0.00001	0.00001	0.00001	0.00001	0.00001	0.00001	0.00001	0.00001
[Benin,BENLFORCP00X,*,*]:
2020	2021	2022	2023	2024	2025	2026	2027	2028	2029	2030	2031	2032	2033	2034	2035	2036	2037	2038	2039	2040:=	
1	0.00001	0.00001	0.00001	0.00001	0.00001	0.00001	0.00001	0.00001	0.00001	0.00001	0.00001	0.00001	0.00001	0.00001	0.00001	0.00001	0.00001	0.00001	0.00001	0.00001	0.00001
[Benin,BENLFORCP01N,*,*]:
2020	2021	2022	2023	2024	2025	2026	2027	2028	2029	2030	2031	2032	2033	2034	2035	2036	2037	2038	2039	2040:=	
1	0.00001	0.00001	0.00001	0.00001	0.00001	0.00001	0.00001	0.00001	0.00001	0.00001	0.00001	0.00001	0.00001	0.00001	0.00001	0.00001	0.00001	0.00001	0.00001	0.00001	0.00001
[Benin,BENLFORCP01O,*,*]:
2020	2021	2022	2023	2024	2025	2026	2027	2028	2029	2030	2031	2032	2033	2034	2035	2036	2037	2038	2039	2040:=	
1	0.00001	0.00001	0.00001	0.00001	0.00001	0.00001	0.00001	0.00001	0.00001	0.00001	0.00001	0.00001	0.00001	0.00001	0.00001	0.00001	0.00001	0.00001	0.00001	0.00001	0.00001
[Benin,BENLNGEXP00X,*,*]:
2020	2021	2022	2023	2024	2025	2026	2027	2028	2029	2030	2031	2032	2033	2034	2035	2036	2037	2038	2039	2040:=	
1	-10.15849068	-10.19961817	-10.24074566	-10.28187315	-10.32300065	-10.36412814	-10.33945164	-10.31477515	-10.29009865	-10.26542216	-10.24074566	-10.29009865	-10.33945164	-10.38880464	-10.43815763	-10.48751062	-10.5615401	-10.63556959	-10.70959908	-10.78362856	-10.85765805
[Benin,BENLNGIMP00X,*,*]:
2020	2021	2022	2023	2024	2025	2026	2027	2028	2029	2030	2031	2032	2033	2034	2035	2036	2037	2038	2039	2040:=	
1	10.15849068	10.19961817	10.24074566	10.28187315	10.32300065	10.36412814	10.33945164	10.31477515	10.29009865	10.26542216	10.24074566	10.29009865	10.33945164	10.38880464	10.43815763	10.48751062	10.5615401	10.63556959	10.70959908	10.78362856	10.85765805
[Benin,BENGAS00IPIX,*,*]:
2020	2021	2022	2023	2024	2025	2026	2027	2028	2029	2030	2031	2032	2033	2034	2035	2036	2037	2038	2039	2040:=	
1	10.04172642	10.02919822	10.01624112	10.00285513	9.98904025	9.974796471	9.897134873	9.819730611	9.742583686	9.665694098	9.589061847	9.635274193	9.68148654	9.727698886	9.773911232	9.820123578	9.889442098	9.958760617	10.02807914	10.09739766	10.16671618
[Benin,BENNGADIP00X,*,*]:
2020	2021	2022	2023	2024	2025	2026	2027	2028	2029	2030	2031	2032	2033	2034	2035	2036	2037	2038	2039	2040:=	
1	0.00001	0.00001	0.00001	0.00001	0.00001	0.00001	0.00001	0.00001	0.00001	0.00001	0.00001	0.00001	0.00001	0.00001	0.00001	0.00001	0.00001	0.00001	0.00001	0.00001	0.00001
[Benin,BENNGAPRP00X,*,*]:
2020	2021	2022	2023	2024	2025	2026	2027	2028	2029	2030	2031	2032	2033	2034	2035	2036	2037	2038	2039	2040:=	
1	8.290262506	8.279596003	8.268572804	8.257192908	8.245456316	8.233363028	8.168923081	8.10469715	8.040685238	7.976887343	7.913303466	7.951439868	7.989576271	8.027712673	8.065849075	8.103985477	8.161190081	8.218394684	8.275599287	8.332803891	8.390008494
[Benin,BENNGACCC01N,*,*]:
2020	2021	2022	2023	2024	2025	2026	2027	2028	2029	2030	2031	2032	2033	2034	2035	2036	2037	2038	2039	2040:=	
1	0.00001	0.00001	0.00001	0.00001	0.00001	0.00001	0.00001	0.00001	0.00001	0.00001	0.00001	0.00001	0.00001	0.00001	0.00001	0.00001	0.00001	0.00001	0.00001	0.00001	0.00001
[Benin,BENNGACCP01N,*,*]:
2020	2021	2022	2023	2024	2025	2026	2027	2028	2029	2030	2031	2032	2033	2034	2035	2036	2037	2038	2039	2040:=	
1	0.00001	0.00001	0.00001	0.00001	0.00001	0.00001	0.00001	0.00001	0.00001	0.00001	0.00001	0.00001	0.00001	0.00001	0.00001	0.00001	0.00001	0.00001	0.00001	0.00001	0.00001
[Benin,BENNGACCP01O,*,*]:
2020	2021	2022	2023	2024	2025	2026	2027	2028	2029	2030	2031	2032	2033	2034	2035	2036	2037	2038	2039	2040:=	
1	0.00001	0.00001	0.00001	0.00001	0.00001	0.00001	0.00001	0.00001	0.00001	0.00001	0.00001	0.00001	0.00001	0.00001	0.00001	0.00001	0.00001	0.00001	0.00001	0.00001	0.00001
[Benin,BENNGAGCP01N,*,*]:
2020	2021	2022	2023	2024	2025	2026	2027	2028	2029	2030	2031	2032	2033	2034	2035	2036	2037	2038	2039	2040:=	
1	0.00001	0.00001	0.00001	0.00001	0.00001	0.00001	0.00001	0.00001	0.00001	0.00001	0.00001	0.00001	0.00001	0.00001	0.00001	0.00001	0.00001	0.00001	0.00001	0.00001	0.00001
[Benin,BENNGAGCP01O,*,*]:
2020	2021	2022	2023	2024	2025	2026	2027	2028	2029	2030	2031	2032	2033	2034	2035	2036	2037	2038	2039	2040:=	
1	0.00001	0.00001	0.00001	0.00001	0.00001	0.00001	0.00001	0.00001	0.00001	0.00001	0.00001	0.00001	0.00001	0.00001	0.00001	0.00001	0.00001	0.00001	0.00001	0.00001	0.00001
[Benin,BENURNPWP01N,*,*]:
2020	2021	2022	2023	2024	2025	2026	2027	2028	2029	2030	2031	2032	2033	2034	2035	2036	2037	2038	2039	2040:=	
1	0.00001	0.00001	0.00001	0.00001	0.00001	0.00001	0.00001	0.00001	0.00001	0.00001	0.00001	0.00001	0.00001	0.00001	0.00001	0.00001	0.00001	0.00001	0.00001	0.00001	0.00001
[Benin,BENURNPWP01O,*,*]:
2020	2021	2022	2023	2024	2025	2026	2027	2028	2029	2030	2031	2032	2033	2034	2035	2036	2037	2038	2039	2040:=	
1	0.00001	0.00001	0.00001	0.00001	0.00001	0.00001	0.00001	0.00001	0.00001	0.00001	0.00001	0.00001	0.00001	0.00001	0.00001	0.00001	0.00001	0.00001	0.00001	0.00001	0.00001
[Benin,BENSOLCNP01X,*,*]:
2020	2021	2022	2023	2024	2025	2026	2027	2028	2029	2030	2031	2032	2033	2034	2035	2036	2037	2038	2039	2040:=	
1	0.00001	0.00001	0.00001	0.00001	0.00001	0.00001	0.00001	0.00001	0.00001	0.00001	0.00001	0.00001	0.00001	0.00001	0.00001	0.00001	0.00001	0.00001	0.00001	0.00001	0.00001
[Benin,BENSOLCSP01X,*,*]:
2020	2021	2022	2023	2024	2025	2026	2027	2028	2029	2030	2031	2032	2033	2034	2035	2036	2037	2038	2039	2040:=	
1	0.00001	0.00001	0.00001	0.00001	0.00001	0.00001	0.00001	0.00001	0.00001	0.00001	0.00001	0.00001	0.00001	0.00001	0.00001	0.00001	0.00001	0.00001	0.00001	0.00001	0.00001
[Benin,BENSOLARP00X,*,*]:
2020	2021	2022	2023	2024	2025	2026	2027	2028	2029	2030	2031	2032	2033	2034	2035	2036	2037	2038	2039	2040:=	
1	0.00001	0.00001	0.00001	0.00001	0.00001	0.00001	0.00001	0.00001	0.00001	0.00001	0.00001	0.00001	0.00001	0.00001	0.00001	0.00001	0.00001	0.00001	0.00001	0.00001	0.00001
[Benin,BENSOLPUP00X,*,*]:
2020	2021	2022	2023	2024	2025	2026	2027	2028	2029	2030	2031	2032	2033	2034	2035	2036	2037	2038	2039	2040:=	
1	0.00001	0.00001	0.00001	0.00001	0.00001	0.00001	0.00001	0.00001	0.00001	0.00001	0.00001	0.00001	0.00001	0.00001	0.00001	0.00001	0.00001	0.00001	0.00001	0.00001	0.00001
[Benin,BENSOLPRP00X,*,*]:
2020	2021	2022	2023	2024	2025	2026	2027	2028	2029	2030	2031	2032	2033	2034	2035	2036	2037	2038	2039	2040:=	
1	0.00001	0.00001	0.00001	0.00001	0.00001	0.00001	0.00001	0.00001	0.00001	0.00001	0.00001	0.00001	0.00001	0.00001	0.00001	0.00001	0.00001	0.00001	0.00001	0.00001	0.00001
[Benin,BENSOLPSP00X,*,*]:
2020	2021	2022	2023	2024	2025	2026	2027	2028	2029	2030	2031	2032	2033	2034	2035	2036	2037	2038	2039	2040:=	
1	0.00001	0.00001	0.00001	0.00001	0.00001	0.00001	0.00001	0.00001	0.00001	0.00001	0.00001	0.00001	0.00001	0.00001	0.00001	0.00001	0.00001	0.00001	0.00001	0.00001	0.00001
[Benin,BENURNIMP00X,*,*]:
2020	2021	2022	2023	2024	2025	2026	2027	2028	2029	2030	2031	2032	2033	2034	2035	2036	2037	2038	2039	2040:=	
1	0.140213149	0.14161528	0.143031433	0.144461747	0.145906365	0.147365429	0.148839083	0.150327474	0.151830748	0.153349056	0.154882546	0.156431372	0.157995686	0.159575642	0.161171399	0.162783113	0.164410944	0.166055053	0.167715604	0.16939276	0.171086688
[Benin,BENURNPRP00X,*,*]:
2020	2021	2022	2023	2024	2025	2026	2027	2028	2029	2030	2031	2032	2033	2034	2035	2036	2037	2038	2039	2040:=	
1	0	0	0	0	0	0	0	0	0	0	0	0	0	0	0	0	0	0	0	0	0
[Benin,BENWINPRP00X,*,*]:
2020	2021	2022	2023	2024	2025	2026	2027	2028	2029	2030	2031	2032	2033	2034	2035	2036	2037	2038	2039	2040:=	
1	0.00001	0.00001	0.00001	0.00001	0.00001	0.00001	0.00001	0.00001	0.00001	0.00001	0.00001	0.00001	0.00001	0.00001	0.00001	0.00001	0.00001	0.00001	0.00001	0.00001	0.00001
[Benin,BENWINONP00X,*,*]:
2020	2021	2022	2023	2024	2025	2026	2027	2028	2029	2030	2031	2032	2033	2034	2035	2036	2037	2038	2039	2040:=	
1	0.00001	0.00001	0.00001	0.00001	0.00001	0.00001	0.00001	0.00001	0.00001	0.00001	0.00001	0.00001	0.00001	0.00001	0.00001	0.00001	0.00001	0.00001	0.00001	0.00001	0.00001
[Benin,BENWINOFP00X,*,*]:
2020	2021	2022	2023	2024	2025	2026	2027	2028	2029	2030	2031	2032	2033	2034	2035	2036	2037	2038	2039	2040:=	
1	0.00001	0.00001	0.00001	0.00001	0.00001	0.00001	0.00001	0.00001	0.00001	0.00001	0.00001	0.00001	0.00001	0.00001	0.00001	0.00001	0.00001	0.00001	0.00001	0.00001	0.00001
[Benin,GHAELBENBP00,*,*]:
2020	2021	2022	2023	2024	2025	2026	2027	2028	2029	2030	2031	2032	2033	2034	2035	2036	2037	2038	2039	2040:=	
1	0.00001	0.00001	0.00001	0.00001	0.00001	0.00001	0.00001	0.00001	0.00001	0.00001	0.00001	0.00001	0.00001	0.00001	0.00001	0.00001	0.00001	0.00001	0.00001	0.00001	0.00001
[Benin,NERELBENBP00,*,*]:
2020	2021	2022	2023	2024	2025	2026	2027	2028	2029	2030	2031	2032	2033	2034	2035	2036	2037	2038	2039	2040:=	
1	0.00001	0.00001	0.00001	0.00001	0.00001	0.00001	0.00001	0.00001	0.00001	0.00001	0.00001	0.00001	0.00001	0.00001	0.00001	0.00001	0.00001	0.00001	0.00001	0.00001	0.00001
[Benin,TGOELBENBP00,*,*]:
2020	2021	2022	2023	2024	2025	2026	2027	2028	2029	2030	2031	2032	2033	2034	2035	2036	2037	2038	2039	2040:=	
1	0.00001	0.00001	0.00001	0.00001	0.00001	0.00001	0.00001	0.00001	0.00001	0.00001	0.00001	0.00001	0.00001	0.00001	0.00001	0.00001	0.00001	0.00001	0.00001	0.00001	0.00001
[Benin,BENLFOSALON1,*,*]:
2020	2021	2022	2023	2024	2025	2026	2027	2028	2029	2030	2031	2032	2033	2034	2035	2036	2037	2038	2039	2040:=	
1	0.00001	0.00001	0.00001	0.00001	0.00001	0.00001	0.00001	0.00001	0.00001	0.00001	0.00001	0.00001	0.00001	0.00001	0.00001	0.00001	0.00001	0.00001	0.00001	0.00001	0.00001
[Benin,NGAELBENBP00,*,*]:
2020	2021	2022	2023	2024	2025	2026	2027	2028	2029	2030	2031	2032	2033	2034	2035	2036	2037	2038	2039	2040:=	
1	0.00001	0.00001	0.00001	0.00001	0.00001	0.00001	0.00001	0.00001	0.00001	0.00001	0.00001	0.00001	0.00001	0.00001	0.00001	0.00001	0.00001	0.00001	0.00001	0.00001	0.00001
[Benin,BENGEOCVP01O,*,*]:
2020	2021	2022	2023	2024	2025	2026	2027	2028	2029	2030	2031	2032	2033	2034	2035	2036	2037	2038	2039	2040:=	
1	0.00001	0.00001	0.00001	0.00001	0.00001	0.00001	0.00001	0.00001	0.00001	0.00001	0.00001	0.00001	0.00001	0.00001	0.00001	0.00001	0.00001	0.00001	0.00001	0.00001	0.00001
[Benin,BENGEOCVP01N,*,*]:
2020	2021	2022	2023	2024	2025	2026	2027	2028	2029	2030	2031	2032	2033	2034	2035	2036	2037	2038	2039	2040:=	
1	0.00001	0.00001	0.00001	0.00001	0.00001	0.00001	0.00001	0.00001	0.00001	0.00001	0.00001	0.00001	0.00001	0.00001	0.00001	0.00001	0.00001	0.00001	0.00001	0.00001	0.00001
[Benin,BENLFOMGRID1,*,*]:
2020	2021	2022	2023	2024	2025	2026	2027	2028	2029	2030	2031	2032	2033	2034	2035	2036	2037	2038	2039	2040:=	
1	0.5004	0.5004	0.5004	0.5004	0.5004	0.5004	0.5004	0.5004	0.5004	0.5004	0.5004	0.5004	0.5004	0.5004	0.5004	0.5004	0.5004	0.5004	0.5004	0.5004	0.5004
[Benin,BENSOLMGRID1,*,*]:
2020	2021	2022	2023	2024	2025	2026	2027	2028	2029	2030	2031	2032	2033	2034	2035	2036	2037	2038	2039	2040:=	
1	0.5004	0.5004	0.5004	0.5004	0.5004	0.5004	0.5004	0.5004	0.5004	0.5004	0.5004	0.5004	0.5004	0.5004	0.5004	0.5004	0.5004	0.5004	0.5004	0.5004	0.5004
[Benin,BENWINMGRID1,*,*]:
2020	2021	2022	2023	2024	2025	2026	2027	2028	2029	2030	2031	2032	2033	2034	2035	2036	2037	2038	2039	2040:=	
1	0.5004	0.5004	0.5004	0.5004	0.5004	0.5004	0.5004	0.5004	0.5004	0.5004	0.5004	0.5004	0.5004	0.5004	0.5004	0.5004	0.5004	0.5004	0.5004	0.5004	0.5004
[Benin,BENEL3DIP00X,*,*]:
2020	2021	2022	2023	2024	2025	2026	2027	2028	2029	2030	2031	2032	2033	2034	2035	2036	2037	2038	2039	2040:=	
1	0.00001	0.00001	0.00001	0.00001	0.00001	0.00001	0.00001	0.00001	0.00001	0.00001	0.00001	0.00001	0.00001	0.00001	0.00001	0.00001	0.00001	0.00001	0.00001	0.00001	0.00001
[Benin,BENEL4DIP00X,*,*]:
2020	2021	2022	2023	2024	2025	2026	2027	2028	2029	2030	2031	2032	2033	2034	2035	2036	2037	2038	2039	2040:=	
1	0.00001	0.00001	0.00001	0.00001	0.00001	0.00001	0.00001	0.00001	0.00001	0.00001	0.00001	0.00001	0.00001	0.00001	0.00001	0.00001	0.00001	0.00001	0.00001	0.00001	0.00001
[Benin,BENSOLPRSAL4,*,*]:
2020	2021	2022	2023	2024	2025	2026	2027	2028	2029	2030	2031	2032	2033	2034	2035	2036	2037	2038	2039	2040:=	
1	0.00001	0.00001	0.00001	0.00001	0.00001	0.00001	0.00001	0.00001	0.00001	0.00001	0.00001	0.00001	0.00001	0.00001	0.00001	0.00001	0.00001	0.00001	0.00001	0.00001	0.00001
[Benin,BENHYDMGRID1,*,*]:
2020	2021	2022	2023	2024	2025	2026	2027	2028	2029	2030	2031	2032	2033	2034	2035	2036	2037	2038	2039	2040:=	
1	0.00001	0.00001	0.00001	0.00001	0.00001	0.00001	0.00001	0.00001	0.00001	0.00001	0.00001	0.00001	0.00001	0.00001	0.00001	0.00001	0.00001	0.00001	0.00001	0.00001	0.00001
;

param Conversionlh default 0 :=
;

param ReserveMarginTagFuel default 0 :=
;

param DepreciationMethod default 1 :=
;

#MW
param TotalAnnualMaxCapacityInvestment default 999999999999999999 :=
[Benin,*,*]:																									
2020	2021	2022	2023	2024	2025	2026	2027	2028	2029	2030	2031	2032	2033	2034	2035	2036	2037	2038	2039	2040:=	
BENBIOCHC01N	0	999999000	999999000	999999000	999999000	999999000	999999000	999999000	999999000	999999000	999999000	999999000	999999000	999999000	999999000	999999000	999999000	999999000	999999000	999999000	999999000
BENBIOCHP01N	0	999999000	999999000	999999000	999999000	999999000	999999000	999999000	999999000	999999000	999999000	999999000	999999000	999999000	999999000	999999000	999999000	999999000	999999000	999999000	999999000
BENBIOCHP01O	0	0	0	0	0	0	0	0	0	0	0	0	0	0	0	0	0	0	0	0	0
BENCOASCC01N	0	0	0	0	0	0	0	0	0	0	0	0	0	0	0	0	0	0	0	0	0
BENCOASCP01N	0	0	0	999999000	999999000	999999000	999999000	999999000	999999000	999999000	999999000	999999000	999999000	999999000	999999000	999999000	999999000	999999000	999999000	999999000	999999000
BENCOASCP01O	0	0	0	0	0	0	0	0	0	0	0	0	0	0	0	0	0	0	0	0	0
BENCO1RCP00X	0	0	0	0	0	999999000	999999000	999999000	999999000	999999000	999999000	999999000	999999000	999999000	999999000	999999000	999999000	999999000	999999000	999999000	999999000
BENCO1R1P00X	999999000	999999000	999999000	999999000	999999000	999999000	999999000	999999000	999999000	999999000	999999000	999999000	999999000	999999000	999999000	999999000	999999000	999999000	999999000	999999000	999999000
BENCO1R2P00X	999999000	999999000	999999000	999999000	999999000	999999000	999999000	999999000	999999000	999999000	999999000	999999000	999999000	999999000	999999000	999999000	999999000	999999000	999999000	999999000	999999000
BENEL1TRP00X	999999000	999999000	999999000	999999000	999999000	999999000	999999000	999999000	999999000	999999000	999999000	999999000	999999000	999999000	999999000	999999000	999999000	999999000	999999000	999999000	999999000
BENEL2DIP00X	999999000	999999000	999999000	999999000	999999000	999999000	999999000	999999000	999999000	999999000	999999000	999999000	999999000	999999000	999999000	999999000	999999000	999999000	999999000	999999000	999999000
BENELGHABP00	654.6	0	0	0	0	0	0	0	0	0	0	0	0	0	0	0	0	0	0	0	0
BENELNERBP00	0	0	330	330	330	330	330	330	330	330	330	330	330	330	330	330	330	330	330	330	330
BENHFOGCP01N	0	999999000	999999000	999999000	999999000	999999000	999999000	999999000	999999000	999999000	999999000	999999000	999999000	999999000	999999000	999999000	999999000	999999000	999999000	999999000	999999000
BENHFOGCP01O	0	0	0	0	0	0	0	0	0	0	0	0	0	0	0	0	0	0	0	0	0
BENHYDSSP00X	0	0	0	999999000	999999000	999999000	999999000	999999000	999999000	999999000	999999000	999999000	999999000	999999000	999999000	999999000	999999000	999999000	999999000	999999000	999999000
BENHYDMSP00X	0	0	0	999999000	999999000	999999000	999999000	999999000	999999000	999999000	999999000	999999000	999999000	999999000	999999000	999999000	999999000	999999000	999999000	999999000	999999000
BENHYDLSP00X	147	0	0	999999000	999999000	999999000	999999000	999999000	999999000	999999000	999999000	999999000	999999000	999999000	999999000	999999000	999999000	999999000	999999000	999999000	999999000
BENLFORCP00X	999999000	999999000	999999000	999999000	999999000	999999000	999999000	999999000	999999000	999999000	999999000	999999000	999999000	999999000	999999000	999999000	999999000	999999000	999999000	999999000	999999000
BENLFORCP01N	0	999999000	999999000	999999000	999999000	999999000	999999000	999999000	999999000	999999000	999999000	999999000	999999000	999999000	999999000	999999000	999999000	999999000	999999000	999999000	999999000
BENLFORCP01O	0	0	0	0	0	0	0	0	0	0	0	0	0	0	0	0	0	0	0	0	0
BENLNGEXP00X	0	0	0	0	0	999999000	999999000	999999000	999999000	999999000	999999000	999999000	999999000	999999000	999999000	999999000	999999000	999999000	999999000	999999000	999999000
BENLNGIMP00X	0	0	0	0	0	999999000	999999000	999999000	999999000	999999000	999999000	999999000	999999000	999999000	999999000	999999000	999999000	999999000	999999000	999999000	999999000
BENNGACCC01N	0	0	0	0	0	0	0	0	0	0	0	0	0	0	0	0	0	0	0	0	0
BENNGACCP01N	999999000	999999000	999999000	999999000	999999000	999999000	999999000	999999000	999999000	999999000	999999000	999999000	999999000	999999000	999999000	999999000	999999000	999999000	999999000	999999000	999999000
BENNGACCP01O	0	0	0	0	0	0	0	0	0	0	0	0	0	0	0	0	0	0	0	0	0
BENNGAGCP01N	999999000	999999000	999999000	999999000	999999000	999999000	999999000	999999000	999999000	999999000	999999000	999999000	999999000	999999000	999999000	999999000	999999000	999999000	999999000	999999000	999999000
BENNGAGCP01O	999999000	0	0	0	0	0	0	0	0	0	0	0	0	0	0	0	0	0	0	0	0
BENURNPWP01N	0	0	0	0	0	0	0	999999000	999999000	999999000	999999000	999999000	999999000	999999000	999999000	999999000	999999000	999999000	999999000	999999000	999999000
BENURNPWP01O	0	0	0	0	0	0	0	0	0	0	0	0	0	0	0	0	0	0	0	0	0
BENSOLCNP01X	0	100	100	100	100	100	100	100	100	100	100	250	250	250	250	250	250	250	250	250	250
BENSOLCSP01X	0	100	100	100	100	100	100	100	100	100	100	250	250	250	250	250	250	250	250	250	250
BENSOLPUP00X	100	100	100	100	100	100	100	100	100	100	100	250	250	250	250	250	250	250	250	250	250
BENSOLPRP00X	100	100	100	100	100	100	100	100	100	100	100	250	250	250	250	250	250	250	250	250	250
BENSOLPSP00X	100	100	100	100	100	100	100	100	100	100	100	250	250	250	250	250	250	250	250	250	250
BENWINONP00X	0	999999000	999999000	999999000	999999000	999999000	999999000	999999000	999999000	999999000	999999000	999999000	999999000	999999000	999999000	999999000	999999000	999999000	999999000	999999000	999999000
BENWINOFP00X	0	0	999999000	999999000	999999000	999999000	999999000	999999000	999999000	999999000	999999000	999999000	999999000	999999000	999999000	999999000	999999000	999999000	999999000	999999000	999999000
GHAELBENBP00	0	0	0	0	0	0	0	0	0	0	0	0	0	0	0	0	0	0	0	0	0
NERELBENBP00	0	0	0	0	0	0	0	0	0	0	30	30	30	30	30	30	30	30	30	30	30
NGAELBENBP00	0	0	0	0	0	0	0	65	126	173	130	494	494	494	494	494	494	494	494	494	494
NGAGABENBP00	0	0	0	0	0	0	0	0	0	0	0	0	0	0	0	0	0	0	0	0	0
TGOELBENBP00	0	0	0	0	0	0	0	0	0	0	0	0	0	0	0	0	0	0	0	0	0
;


param TechnologyToStorage default 0 :=
;

#TJ
param TotalTechnologyAnnualActivityLowerLimit default 0 :=
[Benin,*,*]:																									
2020	2021	2022	2023	2024	2025	2026	2027	2028	2029	2030	2031	2032	2033	2034	2035	2036	2037	2038	2039	2040:=	
BENHFOGCP01O	424.2922061	418.0775958	411.8629855	105.6483752	99.43376486	93.21915456	87.00454426	80.78993395	74.57532365	68.36071334	62.14610304	55.93149274	49.71688243	43.50227213	37.28766182	31.07305152	24.85844122	18.64383091	12.42922061	6.214610304	0
BENLFORCP01O	441.459282	419.3863179	397.3133538	375.2403897	353.1674256	331.0944615	309.0214974	286.9485333	264.8755692	242.8026051	220.729641	198.6566769	176.5837128	154.5107487	132.4377846	110.3648205	88.29185639	66.21889229	44.1459282	22.0729641	0
BENNGAGCP01O	2196	2196 1363.7488384	543.5405696	323.3323008	303.124032	282.9157632	262.7074944	242.4992256	222.2909568	202.082688	181.8744192	161.6661504	141.4578816	121.2496128	101.041344	80.8330752	60.6248064	40.4165376	20.2082688	0
BENLFOMGRID1	0	0	0	0	0	0	0	0	0	0	0	0	0	0	0	0	0	0	0	0	0
BENHYDMGRID1	0	0	0	0	0	0	0	0	0	0	0	0	0	0	0	0	0	0	0	0	0
BENWINMGRID1	0	0	0	0	0	0	0	0	0	0	0	0	0	0	0	0	0	0	0	0	0
BENSOLMGRID1	0	0	0	0	0	0	0	0	0	0	0	0	0	0	0	0	0	0	0	0	0
BENSOLPRSAL4	76.3221864	152.6443728	228.9665592	305.2887456	381.610932	457.9331184	534.2553048	610.5774912	686.8996776	763.221864	839.5440504	839.5440504	839.5440504	839.5440504	839.5440504	839.5440504	839.5440504	839.5440504	839.5440504	839.5440504	839.5440504
BENSOLPRSAL1	0	0	0	0	0	0	0	0	0	0	0	0	0	0	0	0	0	0	0	0	0
BENSOLPRSAL2	0	0	0	0	0	0	0	0	0	0	0	0	0	0	0	0	0	0	0	0	0
BENSOLPRSAL3	0	0	0	0	0	0	0	0	0	0	0	0	0	0	0	0	0	0	0	0	0
BENSOLPRSAL5	0	0	0	0	0	0	0	0	0	0	0	0	0	0	0	0	0	0	0	0	0
BENLFOSALON1	0	0	0	0	0	0	0	0	0	0	0	0	0	0	0	0	0	0	0	0	0
;

param DaySplit default 0 :=
;

param SpecifiedDemandProfile default 0 :=
;

param OutputActivityRatio default 0 :=
[Benin,BENBACKSTOP,BENEL1,*,*]:
2020	2021	2022	2023	2024	2025	2026	2027	2028	2029	2030	2031	2032	2033	2034	2035	2036	2037	2038	2039	2040:=	
1	1	1	1	1	1	1	1	1	1	1	1	1	1	1	1	1	1	1	1	1	1
[Benin,BENBIOCHC01N,BENEL1,*,*]:
2020	2021	2022	2023	2024	2025	2026	2027	2028	2029	2030	2031	2032	2033	2034	2035	2036	2037	2038	2039	2040:=	
1	1	1	1	1	1	1	1	1	1	1	1	1	1	1	1	1	1	1	1	1	1
[Benin,BENBIOCHP01N,BENEL1,*,*]:
2020	2021	2022	2023	2024	2025	2026	2027	2028	2029	2030	2031	2032	2033	2034	2035	2036	2037	2038	2039	2040:=	
1	1	1	1	1	1	1	1	1	1	1	1	1	1	1	1	1	1	1	1	1	1
[Benin,BENBIOCHP01O,BENEL1,*,*]:
2020	2021	2022	2023	2024	2025	2026	2027	2028	2029	2030	2031	2032	2033	2034	2035	2036	2037	2038	2039	2040:=	
1	1	1	1	1	1	1	1	1	1	1	1	1	1	1	1	1	1	1	1	1	1
[Benin,BENBIODIP00X,BENFW3,*,*]:
2020	2021	2022	2023	2024	2025	2026	2027	2028	2029	2030	2031	2032	2033	2034	2035	2036	2037	2038	2039	2040:=	
1	0.95	0.95	0.95	0.95	0.95	0.95	0.95	0.95	0.95	0.95	0.95	0.95	0.95	0.95	0.95	0.95	0.95	0.95	0.95	0.95	0.95
[Benin,BENBIOIMP00X,BENBIO,*,*]:
2020	2021	2022	2023	2024	2025	2026	2027	2028	2029	2030	2031	2032	2033	2034	2035	2036	2037	2038	2039	2040:=	
1	1	1	1	1	1	1	1	1	1	1	1	1	1	1	1	1	1	1	1	1	1
[Benin,BENBIOPRP00X,BENBIO,*,*]:
2020	2021	2022	2023	2024	2025	2026	2027	2028	2029	2030	2031	2032	2033	2034	2035	2036	2037	2038	2039	2040:=	
1	1	1	1	1	1	1	1	1	1	1	1	1	1	1	1	1	1	1	1	1	1
[Benin,BENCO1IMP00X,BENCO1,*,*]:
2020	2021	2022	2023	2024	2025	2026	2027	2028	2029	2030	2031	2032	2033	2034	2035	2036	2037	2038	2039	2040:=	
1	1	1	1	1	1	1	1	1	1	1	1	1	1	1	1	1	1	1	1	1	1
[Benin,BENCO1PRP00X,BENCO1,*,*]:
2020	2021	2022	2023	2024	2025	2026	2027	2028	2029	2030	2031	2032	2033	2034	2035	2036	2037	2038	2039	2040:=	
1	1	1	1	1	1	1	1	1	1	1	1	1	1	1	1	1	1	1	1	1	1
[Benin,BENCO1R1P00X,BENLFO,*,*]:
2020	2021	2022	2023	2024	2025	2026	2027	2028	2029	2030	2031	2032	2033	2034	2035	2036	2037	2038	2039	2040:=	
1	0.99	0.99	0.99	0.99	0.99	0.99	0.99	0.99	0.99	0.99	0.99	0.99	0.99	0.99	0.99	0.99	0.99	0.99	0.99	0.99	0.99
[Benin,BENCO1R1P00X,BENHFO,*,*]:
2020	2021	2022	2023	2024	2025	2026	2027	2028	2029	2030	2031	2032	2033	2034	2035	2036	2037	2038	2039	2040:=	
1	0.01	0.01	0.01	0.01	0.01	0.01	0.01	0.01	0.01	0.01	0.01	0.01	0.01	0.01	0.01	0.01	0.01	0.01	0.01	0.01	0.01
[Benin,BENCO1R2P00X,BENLFO,*,*]:
2020	2021	2022	2023	2024	2025	2026	2027	2028	2029	2030	2031	2032	2033	2034	2035	2036	2037	2038	2039	2040:=	
1	0.89	0.89	0.89	0.89	0.89	0.89	0.89	0.89	0.89	0.89	0.89	0.89	0.89	0.89	0.89	0.89	0.89	0.89	0.89	0.89	0.89
[Benin,BENCO1R2P00X,BENHFO,*,*]:
2020	2021	2022	2023	2024	2025	2026	2027	2028	2029	2030	2031	2032	2033	2034	2035	2036	2037	2038	2039	2040:=	
1	0.11	0.11	0.11	0.11	0.11	0.11	0.11	0.11	0.11	0.11	0.11	0.11	0.11	0.11	0.11	0.11	0.11	0.11	0.11	0.11	0.11
[Benin,BENCO1RCP00X,BENCO2,*,*]:
2020	2021	2022	2023	2024	2025	2026	2027	2028	2029	2030	2031	2032	2033	2034	2035	2036	2037	2038	2039	2040:=	
1	0.99	0.99	0.99	0.99	0.99	0.99	0.99	0.99	0.99	0.99	0.99	0.99	0.99	0.99	0.99	0.99	0.99	0.99	0.99	0.99	0.99
[Benin,BENCOADIP00X,BENCO3,*,*]:
2020	2021	2022	2023	2024	2025	2026	2027	2028	2029	2030	2031	2032	2033	2034	2035	2036	2037	2038	2039	2040:=	
1	0.95	0.95	0.95	0.95	0.95	0.95	0.95	0.95	0.95	0.95	0.95	0.95	0.95	0.95	0.95	0.95	0.95	0.95	0.95	0.95	0.95
[Benin,BENCOAIMP00X,BENCOA,*,*]:
2020	2021	2022	2023	2024	2025	2026	2027	2028	2029	2030	2031	2032	2033	2034	2035	2036	2037	2038	2039	2040:=	
1	1	1	1	1	1	1	1	1	1	1	1	1	1	1	1	1	1	1	1	1	1
[Benin,BENCOAPRP00X,BENCOA,*,*]:
2020	2021	2022	2023	2024	2025	2026	2027	2028	2029	2030	2031	2032	2033	2034	2035	2036	2037	2038	2039	2040:=	
1	1	1	1	1	1	1	1	1	1	1	1	1	1	1	1	1	1	1	1	1	1
[Benin,BENCOASCC01N,BENEL1,*,*]:
2020	2021	2022	2023	2024	2025	2026	2027	2028	2029	2030	2031	2032	2033	2034	2035	2036	2037	2038	2039	2040:=	
1	1	1	1	1	1	1	1	1	1	1	1	1	1	1	1	1	1	1	1	1	1
[Benin,BENCOASCP01N,BENEL1,*,*]:
2020	2021	2022	2023	2024	2025	2026	2027	2028	2029	2030	2031	2032	2033	2034	2035	2036	2037	2038	2039	2040:=	
1	1	1	1	1	1	1	1	1	1	1	1	1	1	1	1	1	1	1	1	1	1
[Benin,BENCOASCP01O,BENEL1,*,*]:
2020	2021	2022	2023	2024	2025	2026	2027	2028	2029	2030	2031	2032	2033	2034	2035	2036	2037	2038	2039	2040:=	
1	1	1	1	1	1	1	1	1	1	1	1	1	1	1	1	1	1	1	1	1	1
[Benin,BENEL1TRP00X,KEEL2,*,*]:
2020	2021	2022	2023	2024	2025	2026	2027	2028	2029	2030	2031	2032	2033	2034	2035	2036	2037	2038	2039	2040:=	
1	0.95	0.95	0.95	0.95	0.95	0.95	0.95	0.95	0.95	0.95	0.95	0.95	0.95	0.95	0.95	0.95	0.95	0.95	0.95	0.95	0.95
[Benin,BENEL2DIP00X,BENEL3E,*,*]:
2020	2021	2022	2023	2024	2025	2026	2027	2028	2029	2030	2031	2032	2033	2034	2035	2036	2037	2038	2039	2040:=	
1	0.82010379	0.821251306	0.822398822	0.823546337	0.824693853	0.825841369	0.826988885	0.8281364	0.829283916	0.830431432	0.831578947	0.832631579	0.833684211	0.834736842	0.835789474	0.836842105	0.837894737	0.838947368	0.84	0.841052632	0.842105263
[Benin,BENEL3DIP00X,BENEL3U,*,*]:
2020	2021	2022	2023	2024	2025	2026	2027	2028	2029	2030	2031	2032	2033	2034	2035	2036	2037	2038	2039	2040:=	
1	0.85	0.851	0.852	0.853	0.854	0.855	0.856	0.857	0.858	0.859	0.86	0.861	0.862	0.863	0.864	0.865	0.866	0.867	0.868	0.869	0.87
[Benin,BENEL4DIP00X,BENEL3U,*,*]:
2020	2021	2022	2023	2024	2025	2026	2027	2028	2029	2030	2031	2032	2033	2034	2035	2036	2037	2038	2039	2040:=	
1	0.85	0.851	0.852	0.853	0.854	0.855	0.856	0.857	0.858	0.859	0.86	0.861	0.862	0.863	0.864	0.865	0.866	0.867	0.868	0.869	0.87
[Benin,BENHFODIP00X,BENHF3,*,*]:
2020	2021	2022	2023	2024	2025	2026	2027	2028	2029	2030	2031	2032	2033	2034	2035	2036	2037	2038	2039	2040:=	
1	0.95	0.95	0.95	0.95	0.95	0.95	0.95	0.95	0.95	0.95	0.95	0.95	0.95	0.95	0.95	0.95	0.95	0.95	0.95	0.95	0.95
[Benin,BENHFOGCP01N,BENEL1,*,*]:
2020	2021	2022	2023	2024	2025	2026	2027	2028	2029	2030	2031	2032	2033	2034	2035	2036	2037	2038	2039	2040:=	
1	1	1	1	1	1	1	1	1	1	1	1	1	1	1	1	1	1	1	1	1	1
[Benin,BENHFOGCP01O,BENEL1,*,*]:
2020	2021	2022	2023	2024	2025	2026	2027	2028	2029	2030	2031	2032	2033	2034	2035	2036	2037	2038	2039	2040:=	
1	1	1	1	1	1	1	1	1	1	1	1	1	1	1	1	1	1	1	1	1	1
[Benin,BENHFOIMP00X,BENHFO,*,*]:
2020	2021	2022	2023	2024	2025	2026	2027	2028	2029	2030	2031	2032	2033	2034	2035	2036	2037	2038	2039	2040:=	
1	1	1	1	1	1	1	1	1	1	1	1	1	1	1	1	1	1	1	1	1	1
[Benin,BENHYDLSP00X,BENEL1,*,*]:
2020	2021	2022	2023	2024	2025	2026	2027	2028	2029	2030	2031	2032	2033	2034	2035	2036	2037	2038	2039	2040:=	
1	1	1	1	1	1	1	1	1	1	1	1	1	1	1	1	1	1	1	1	1	1
[Benin,BENHYDMGRID1,BENEL3,*,*]:
2020	2021	2022	2023	2024	2025	2026	2027	2028	2029	2030	2031	2032	2033	2034	2035	2036	2037	2038	2039	2040:=	
1	1	1	1	1	1	1	1	1	1	1	1	1	1	1	1	1	1	1	1	1	1
[Benin,BENHYDMSP00X,BENEL1,*,*]:
2020	2021	2022	2023	2024	2025	2026	2027	2028	2029	2030	2031	2032	2033	2034	2035	2036	2037	2038	2039	2040:=	
1	1	1	1	1	1	1	1	1	1	1	1	1	1	1	1	1	1	1	1	1	1
[Benin,BENHYDSSP00X,BENEL1,*,*]:
2020	2021	2022	2023	2024	2025	2026	2027	2028	2029	2030	2031	2032	2033	2034	2035	2036	2037	2038	2039	2040:=	
1	1	1	1	1	1	1	1	1	1	1	1	1	1	1	1	1	1	1	1	1	1
[Benin,BENLFODIP00X,BENLF3,*,*]:
2020	2021	2022	2023	2024	2025	2026	2027	2028	2029	2030	2031	2032	2033	2034	2035	2036	2037	2038	2039	2040:=	
1	0.95	0.95	0.95	0.95	0.95	0.95	0.95	0.95	0.95	0.95	0.95	0.95	0.95	0.95	0.95	0.95	0.95	0.95	0.95	0.95	0.95
[Benin,BENLFOIMP00X,BENLFO,*,*]:
2020	2021	2022	2023	2024	2025	2026	2027	2028	2029	2030	2031	2032	2033	2034	2035	2036	2037	2038	2039	2040:=	
1	1	1	1	1	1	1	1	1	1	1	1	1	1	1	1	1	1	1	1	1	1
[Benin,BENLFOMGRID1,BENEL3,*,*]:
2020	2021	2022	2023	2024	2025	2026	2027	2028	2029	2030	2031	2032	2033	2034	2035	2036	2037	2038	2039	2040:=	
1	1	1	1	1	1	1	1	1	1	1	1	1	1	1	1	1	1	1	1	1	1
[Benin,BENLFORCP00X,BENEL3E,*,*]:
2020	2021	2022	2023	2024	2025	2026	2027	2028	2029	2030	2031	2032	2033	2034	2035	2036	2037	2038	2039	2040:=	
1	1	1	1	1	1	1	1	1	1	1	1	1	1	1	1	1	1	1	1	1	1
[Benin,BENLFORCP01N,BENEL1,*,*]:
2020	2021	2022	2023	2024	2025	2026	2027	2028	2029	2030	2031	2032	2033	2034	2035	2036	2037	2038	2039	2040:=	
1	1	1	1	1	1	1	1	1	1	1	1	1	1	1	1	1	1	1	1	1	1
[Benin,BENLFORCP01O,BENEL1,*,*]:
2020	2021	2022	2023	2024	2025	2026	2027	2028	2029	2030	2031	2032	2033	2034	2035	2036	2037	2038	2039	2040:=	
1	1	1	1	1	1	1	1	1	1	1	1	1	1	1	1	1	1	1	1	1	1
[Benin,BENLFOSALON1,BENEL3U,*,*]:
2020	2021	2022	2023	2024	2025	2026	2027	2028	2029	2030	2031	2032	2033	2034	2035	2036	2037	2038	2039	2040:=	
1	1	1	1	1	1	1	1	1	1	1	1	1	1	1	1	1	1	1	1	1	1
[Benin,BENLNGEXP00X,BENDLG,*,*]:
2020	2021	2022	2023	2024	2025	2026	2027	2028	2029	2030	2031	2032	2033	2034	2035	2036	2037	2038	2039	2040:=	
1	0.85	0.85	0.85	0.85	0.85	0.85	0.85	0.85	0.85	0.85	0.85	0.85	0.85	0.85	0.85	0.85	0.85	0.85	0.85	0.85	0.85
[Benin,BENLNGIMP00X,BENGAS,*,*]:
2020	2021	2022	2023	2024	2025	2026	2027	2028	2029	2030	2031	2032	2033	2034	2035	2036	2037	2038	2039	2040:=	
1	0.975	0.975	0.975	0.975	0.975	0.975	0.975	0.975	0.975	0.975	0.975	0.975	0.975	0.975	0.975	0.975	0.975	0.975	0.975	0.975	0.975
[Benin,BENNGACCC01N,BENEL1,*,*]:
2020	2021	2022	2023	2024	2025	2026	2027	2028	2029	2030	2031	2032	2033	2034	2035	2036	2037	2038	2039	2040:=	
1	1	1	1	1	1	1	1	1	1	1	1	1	1	1	1	1	1	1	1	1	1
[Benin,BENNGACCP01N,BENEL1,*,*]:
2020	2021	2022	2023	2024	2025	2026	2027	2028	2029	2030	2031	2032	2033	2034	2035	2036	2037	2038	2039	2040:=	
1	1	1	1	1	1	1	1	1	1	1	1	1	1	1	1	1	1	1	1	1	1
[Benin,BENNGACCP01O,BENEL1,*,*]:
2020	2021	2022	2023	2024	2025	2026	2027	2028	2029	2030	2031	2032	2033	2034	2035	2036	2037	2038	2039	2040:=	
1	1	1	1	1	1	1	1	1	1	1	1	1	1	1	1	1	1	1	1	1	1
[Benin,BENNGADIP00X,BENGA3,*,*]:
2020	2021	2022	2023	2024	2025	2026	2027	2028	2029	2030	2031	2032	2033	2034	2035	2036	2037	2038	2039	2040:=	
1	1	1	1	1	1	1	1	1	1	1	1	1	1	1	1	1	1	1	1	1	1
[Benin,BENNGAGCP01N,BENEL1,*,*]:
2020	2021	2022	2023	2024	2025	2026	2027	2028	2029	2030	2031	2032	2033	2034	2035	2036	2037	2038	2039	2040:=	
1	1	1	1	1	1	1	1	1	1	1	1	1	1	1	1	1	1	1	1	1	1
[Benin,BENNGAGCP01O,BENEL1,*,*]:
2020	2021	2022	2023	2024	2025	2026	2027	2028	2029	2030	2031	2032	2033	2034	2035	2036	2037	2038	2039	2040:=	
1	1	1	1	1	1	1	1	1	1	1	1	1	1	1	1	1	1	1	1	1	1
[Benin,BENNGAPRP00X,BENGAS,*,*]:
2020	2021	2022	2023	2024	2025	2026	2027	2028	2029	2030	2031	2032	2033	2034	2035	2036	2037	2038	2039	2040:=	
1	1	1	1	1	1	1	1	1	1	1	1	1	1	1	1	1	1	1	1	1	1
#[Benin,BENSOLCNP01X,BENEL1,*,*]:
#2020	2021	2022	2023	2024	2025	2026	2027	2028	2029	2030	2031	2032	2033	2034	2035	2036	2037	2038	2039	2040:=	
#1	1	1	1	1	1	1	1	1	1	1	1	1	1	1	1	1	1	1	1	1	1
#[Benin,BENSOLCSP01X,BENEL1,*,*]:
#2020	2021	2022	2023	2024	2025	2026	2027	2028	2029	2030	2031	2032	2033	2034	2035	2036	2037	2038	2039	2040:=	
#1	1	1	1	1	1	1	1	1	1	1	1	1	1	1	1	1	1	1	1	1	1
[Benin,BENSOLMGRID1,BENEL3,*,*]:
2020	2021	2022	2023	2024	2025	2026	2027	2028	2029	2030	2031	2032	2033	2034	2035	2036	2037	2038	2039	2040:=	
1	1	1	1	1	1	1	1	1	1	1	1	1	1	1	1	1	1	1	1	1	1
[Benin,BENSOLPRP00X,BENEL3E,*,*]:
2020	2021	2022	2023	2024	2025	2026	2027	2028	2029	2030	2031	2032	2033	2034	2035	2036	2037	2038	2039	2040:=	
1	1	1	1	1	1	1	1	1	1	1	1	1	1	1	1	1	1	1	1	1	1
[Benin,BENSOLPRSAL1,BENEL3U,*,*]:
2020	2021	2022	2023	2024	2025	2026	2027	2028	2029	2030	2031	2032	2033	2034	2035	2036	2037	2038	2039	2040:=	
1	1	1	1	1	1	1	1	1	1	1	1	1	1	1	1	1	1	1	1	1	1
[Benin,BENSOLPRSAL2,BENEL3U,*,*]:
2020	2021	2022	2023	2024	2025	2026	2027	2028	2029	2030	2031	2032	2033	2034	2035	2036	2037	2038	2039	2040:=	
1	1	1	1	1	1	1	1	1	1	1	1	1	1	1	1	1	1	1	1	1	1
[Benin,BENSOLPRSAL3,BENEL3U,*,*]:
2020	2021	2022	2023	2024	2025	2026	2027	2028	2029	2030	2031	2032	2033	2034	2035	2036	2037	2038	2039	2040:=	
1	1	1	1	1	1	1	1	1	1	1	1	1	1	1	1	1	1	1	1	1	1
[Benin,BENSOLPRSAL4,BENEL3U,*,*]:
2020	2021	2022	2023	2024	2025	2026	2027	2028	2029	2030	2031	2032	2033	2034	2035	2036	2037	2038	2039	2040:=	
1	1	1	1	1	1	1	1	1	1	1	1	1	1	1	1	1	1	1	1	1	1
[Benin,BENSOLPRSAL5,BENEL3U,*,*]:
2020	2021	2022	2023	2024	2025	2026	2027	2028	2029	2030	2031	2032	2033	2034	2035	2036	2037	2038	2039	2040:=	
1	1	1	1	1	1	1	1	1	1	1	1	1	1	1	1	1	1	1	1	1	1
[Benin,BENSOLPSP00X,BENEL3E,*,*]:
2020	2021	2022	2023	2024	2025	2026	2027	2028	2029	2030	2031	2032	2033	2034	2035	2036	2037	2038	2039	2040:=	
1	1	1	1	1	1	1	1	1	1	1	1	1	1	1	1	1	1	1	1	1	1
[Benin,BENSOLPUP00X,BENEL1,*,*]:
2020	2021	2022	2023	2024	2025	2026	2027	2028	2029	2030	2031	2032	2033	2034	2035	2036	2037	2038	2039	2040:=	
		1	1	1	1	1	1	1	1	1	1	1	1	1	1	1	1	1	1	1	1	1	1
[Benin,BENURNIMP00X,BENURN,*,*]:
2020	2021	2022	2023	2024	2025	2026	2027	2028	2029	2030	2031	2032	2033	2034	2035	2036	2037	2038	2039	2040:=	
1	1	1	1	1	1	1	1	1	1	1	1	1	1	1	1	1	1	1	1	1	1
[Benin,BENURNPRP00X,BENURN,*,*]:
2020	2021	2022	2023	2024	2025	2026	2027	2028	2029	2030	2031	2032	2033	2034	2035	2036	2037	2038	2039	2040:=	
1	1	1	1	1	1	1	1	1	1	1	1	1	1	1	1	1	1	1	1	1	1
[Benin,BENURNPWP01N,BENEL1,*,*]:
2020	2021	2022	2023	2024	2025	2026	2027	2028	2029	2030	2031	2032	2033	2034	2035	2036	2037	2038	2039	2040:=	
1	1	1	1	1	1	1	1	1	1	1	1	1	1	1	1	1	1	1	1	1	1
[Benin,BENURNPWP01O,BENEL1,*,*]:
2020	2021	2022	2023	2024	2025	2026	2027	2028	2029	2030	2031	2032	2033	2034	2035	2036	2037	2038	2039	2040:=	
1	1	1	1	1	1	1	1	1	1	1	1	1	1	1	1	1	1	1	1	1	1
[Benin,BENWINMGRID1,BENEL3,*,*]:
2020	2021	2022	2023	2024	2025	2026	2027	2028	2029	2030	2031	2032	2033	2034	2035	2036	2037	2038	2039	2040:=	
1	1	1	1	1	1	1	1	1	1	1	1	1	1	1	1	1	1	1	1	1	1
[Benin,BENWINOFP00X,BENEL1,*,*]:
2020	2021	2022	2023	2024	2025	2026	2027	2028	2029	2030	2031	2032	2033	2034	2035	2036	2037	2038	2039	2040:=	
1	1	1	1	1	1	1	1	1	1	1	1	1	1	1	1	1	1	1	1	1	1
[Benin,BENWINONP00X,BENEL1,*,*]:
2020	2021	2022	2023	2024	2025	2026	2027	2028	2029	2030	2031	2032	2033	2034	2035	2036	2037	2038	2039	2040:=	
1	1	1	1	1	1	1	1	1	1	1	1	1	1	1	1	1	1	1	1	1	1
#[Benin,BENELNERBP00,BENEL1,*,*]:
#2020	2021	2022	2023	2024	2025	2026	2027	2028	2029	2030	2031	2032	2033	2034	2035	2036	2037	2038	2039	2040:=	
#1	0.95	0.95	0.95	0.95	0.95	0.95	0.95	0.95	0.95	0.95	0.95	0.95	0.95	0.95	0.95	0.95	0.95	0.95	0.95	0.95	0.95
#[Benin,GHAELBENBP00,BENEL1,*,*]:
#2020	2021	2022	2023	2024	2025	2026	2027	2028	2029	2030	2031	2032	2033	2034	2035	2036	2037	2038	2039	2040:=	
#1	0.95	0.95	0.95	0.95	0.95	0.95	0.95	0.95	0.95	0.95	0.95	0.95	0.95	0.95	0.95	0.95	0.95	0.95	0.95	0.95	0.95
#[Benin,NERELBENBP00,BENEL1,*,*]:
#2020	2021	2022	2023	2024	2025	2026	2027	2028	2029	2030	2031	2032	2033	2034	2035	2036	2037	2038	2039	2040:=	
#1	0.95	0.95	0.95	0.95	0.95	0.95	0.95	0.95	0.95	0.95	0.95	0.95	0.95	0.95	0.95	0.95	0.95	0.95	0.95	0.95	0.95
#[Benin,TGOELBENBP00,BENEL1,*,*]:
#2020	2021	2022	2023	2024	2025	2026	2027	2028	2029	2030	2031	2032	2033	2034	2035	2036	2037	2038	2039	2040:=	
#1	0.95	0.95	0.95	0.95	0.95	0.95	0.95	0.95	0.95	0.95	0.95	0.95	0.95	0.95	0.95	0.95	0.95	0.95	0.95	0.95	0.95
#[Benin,NGAELBENBP00,BENEL1,*,*]:
#2020	2021	2022	2023	2024	2025	2026	2027	2028	2029	2030	2031	2032	2033	2034	2035	2036	2037	2038	2039	2040:=	
#1	0.95	0.95	0.95	0.95	0.95	0.95	0.95	0.95	0.95	0.95	0.95	0.95	0.95	0.95	0.95	0.95	0.95	0.95	0.95	0.95	0.95
[Benin,BENLFOEMP00X,BENLFE,*,*]:
2020	2021	2022	2023	2024	2025	2026	2027	2028	2029	2030	2031	2032	2033	2034	2035	2036	2037	2038	2039	2040:=	
1	0.99	0.99	0.99	0.99	0.99	0.99	0.99	0.99	0.99	0.99	0.99	0.99	0.99	0.99	0.99	0.99	0.99	0.99	0.99	0.99	0.99
[Benin,BENHFOEMP00X,BENHFE,*,*]:
2020	2021	2022	2023	2024	2025	2026	2027	2028	2029	2030	2031	2032	2033	2034	2035	2036	2037	2038	2039	2040:=	
1	0.99	0.99	0.99	0.99	0.99	0.99	0.99	0.99	0.99	0.99	0.99	0.99	0.99	0.99	0.99	0.99	0.99	0.99	0.99	0.99	0.99
[Benin,NGAGABENBP00,BENGASP,*,*]:
2020	2021	2022	2023	2024	2025	2026	2027	2028	2029	2030	2031	2032	2033	2034	2035	2036	2037	2038	2039	2040:=	
1	0.99	0.99	0.99	0.99	0.99	0.99	0.99	0.99	0.99	0.99	0.99	0.99	0.99	0.99	0.99	0.99	0.99	0.99	0.99	0.99	0.99
[Benin,BENGAS00IPIX,BENGAS,*,*]:
2020	2021	2022	2023	2024	2025	2026	2027	2028	2029	2030	2031	2032	2033	2034	2035	2036	2037	2038	2039	2040:=	
1	1	1	1	1	1	1	1	1	1	1	1	1	1	1	1	1	1	1	1	1	1
;

param DiscountRate default
;

param FixedCost default 0 :=
[Benin,*,*]:
2020	2021	2022	2023	2024	2025	2026	2027	2028	2029	2030	2031	2032	2033	2034	2035	2036	2037	2038	2039	2040:=	
BENBACKSTOP	9999999	9999999	9999999	9999999	9999999	9999999	9999999	9999999	9999999	9999999	9999999	9999999	9999999	9999999	9999999	9999999	9999999	9999999	9999999	9999999	9999999
BENBIOCHC01N	89.8912	88.5024	87.1136	85.7248	84.336	82.9472	81.5584	80.1696	78.7808	77.392	76.7088	76.0256	75.3424	74.6592	73.976	73.2928	72.6096	71.9264	71.2432	70.56	70.404
BENBIOCHP01N	75	75	75	75	75	75	75	75	75	75	75	74.5	74	73.5	73	72.5	72	71.5	71	70.5	70
BENBIOCHP01O	75	75	75	75	75	75	75	75	75	75	75	74.5	74	73.5	73	72.5	72	71.5	71	70.5	70
BENCOASCC01N	175	174	173	172	171	170	169	168	167	166	165	163.5	162	160.5	159	157.5	156	154.5	153	151.5	150
BENCOASCP01N	60	60	60	60	60	60	60	60	60	60	60	60	60	60	60	60	60	60	60	60	60
BENCOASCP01O	60	60	60	60	60	60	60	60	60	60	60	60	60	60	60	60	60	60	60	60	60
BENHFOGCP01N	44	44	44	44	44	44	44	44	44	44	44	44	44	44	44	44	44	44	44	44	44
BENHFOGCP01O	44	44	44	44	44	44	44	44	44	44	44	44	44	44	44	44	44	44	44	44	44
BENHYDSSP00X	60	60	60	60	60	60	60	60	60	60	60	60	60	60	60	60	60	60	60	60	60
BENHYDMSP00X	50	50	50	50	50	50	50	50	50	50	50	50	50	50	50	50	50	50	50	50	50
BENHYDLSP00X	50	50	50	50	50	50	50	50	50	50	50	50	50	50	50	50	50	50	50	50	50
BENLFORCP00X	23	23	23	23	23	23	23	23	23	23	23	23	23	23	23	23	23	23	23	23	23
BENLFORCP01N	35	35	35	35	35	35	35	35	35	35	35	35	35	35	35	35	35	35	35	35	35
BENLFORCP01O	35	35	35	35	35	35	35	35	35	35	35	35	35	35	35	35	35	35	35	35	35
BENNGACCC01N	85	84.5	84	83.5	83	82.5	82	81.5	81	80.5	80	79.5	79	78.5	78	77.5	77	76.5	76	75.5	75
BENNGACCP01N	25	25	25	25	25	25	25	25	25	25	25	25	25	25	25	25	25	25	25	25	25
BENNGACCP01O	25	25	25	25	25	25	25	25	25	25	25	25	25	25	25	25	25	25	25	25	25
BENNGAGCP01N	20	20	20	20	20	20	20	20	20	20	20	20	20	20	20	20	20	20	20	20	20
BENNGAGCP01O	20	20	20	20	20	20	20	20	20	20	20	20	20	20	20	20	20	20	20	20	20
BENURNPWP01N	170	170	170	170	170	170	170	170	170	170	170	170	170	170	170	170	170	170	170	170	170
BENURNPWP01O	170	170	170	170	170	170	170	170	170	170	170	170	170	170	170	170	170	170	170	170	170
BENSOLCNP01X	200	196	192	188	184	180	176	172	168	164	160	158	156	154	152	150	148	146	144	142	140
BENSOLCSP01X	228	224	220	216	212	208	204	200	196	192	188	186	184	182	180	178	176	174	172	170	168
BENSOLPUP00X	24	23.8	23.6	23.4	23.2	23	22.8	22.6	22.4	22.2	22	22	22	22	22	22	22	22	22	22	22
BENSOLPRP00X	32	31.8	31.6	31.4	31.2	31	30.8	30.6	30.4	30.2	30	29.8	29.6	29.4	29.2	29	28.8	28.6	28.4	28.2	28
BENSOLPSP00X	46	46	46	46	46	46	46	46	46	46	46	46	46	46	46	46	46	46	46	46	46
BENWINONP00X	48	48	48	48	48	48	48	48	48	48	48	47.8	47.6	47.4	47.2	47	46.8	46.6	46.4	46.2	46
BENWINOFP00X	115	111.5	108	104.5	101	97.5	94	90.5	87	83.5	80	79	78	77	76	75	74	73	72	71	70
BENLFOMGRID1	26.1	26.1	26.1	26.1	26.1	26.1	26.1	26.1	26.1	26.1	26.1	26.1	26.1	26.1	26.1	26.1	26.1	26.1	26.1	26.1	26.1
BENHYDMGRID1	90	90	90	90	90	90	90	90	90	90	90	90	90	90	90	90	90	90	90	90	90
BENWINMGRID1	56	55.74153846	55.48307692	55.22461538	54.96615385	54.70769231	54.44923077	54.19076923	53.93230769	53.67384615	53.41538462	53.30051282	53.18564103	53.07076923	52.95589744	52.84102564	52.72615385	52.61128205	52.49641026	52.38153846	52.26666667
BENSOLMGRID1	7.545	7.256918182	6.968836364	6.680754545	6.392672727	6.104590909	5.816509091	5.528427273	5.240345455	4.952263636	4.664181818	4.588731818	4.513281818	4.437831818	4.362381818	4.286931818	4.211481818	4.136031818	4.060581818	3.985131818	3.909681818
BENLFOSALON1	23	23	23	23	23	23	23	23	23	23	23	23	23	23	23	23	23	23	23	23	23
BENSOLPRSAL1	192.4	185.0538182	177.7076364	170.3614545	163.0152727	155.6690909	148.3229091	140.9767273	133.6305455	126.2843636	118.9381818	117.0141818	115.0901818	113.1661818	111.2421818	109.3181818	107.3941818	105.4701818	103.5461818	101.6221818	99.69818182
BENSOLPRSAL2	175.6	168.8952727	162.1905455	155.4858182	148.7810909	142.0763636	135.3716364	128.6669091	121.9621818	115.2574545	108.5527273	106.7967273	105.0407273	103.2847273	101.5287273	99.77272727	98.01672727	96.26072727	94.50472727	92.74872727	90.99272727
BENSOLPRSAL3	127.6	122.728	117.856	112.984	108.112	103.24	98.368	93.496	88.624	83.752	78.88	77.604	76.328	75.052	73.776	72.5	71.224	69.948	68.672	67.396	66.12
BENSOLPRSAL4	89.4	85.98654545	82.57309091	79.15963636	75.74618182	72.33272727	68.91927273	65.50581818	62.09236364	58.67890909	55.26545455	54.37145455	53.47745455	52.58345455	51.68945455	50.79545455	49.90145455	49.00745455	48.11345455	47.21945455	46.32545455
BENSOLPRSAL5	139	133.6927273	128.3854545	123.0781818	117.7709091	112.4636364	107.1563636	101.8490909	96.54181818	91.23454545	85.92727273	84.53727273	83.14727273	81.75727273	80.36727273	78.97727273	77.58727273	76.19727273	74.80727273	73.41727273	72.02727273
;

param TotalAnnualMinCapacityInvestment default 0 :=
[Benin,*,*]:																									
2020	2021	2022	2023	2024	2025	2026	2027	2028	2029	2030	2031	2032	2033	2034	2035	2036	2037	2038	2039	2040:=	
BENELGHABP00	654.6	0	0	0	0	0	0	0	0	0	0	0	0	0	0	0	0	0	0	0	0
BENHFOGCP01N	0	0	0	0	0	0	0	0	0	0	0	0	0	0	0	0	0	0	0	0	0
BENHYDSSP00X	0	0	0	0	0	0	0	0	0	0	0	0	0	0	0	0	0	0	0	0	0
BENHYDLSP00X	147	0	0	0	0	0	0	0	0	0	0	0	0	0	0	0	0	0	0	0	0
BENSOLPRP00X	0	0	0	0	0	0	0	0	0	0	0	0	0	0	0	0	0	0	0	0	0
GHAELBENBP00	0	0	0	0	0	0	0	0	0	0	0	0	0	0	0	0	0	0	0	0	0
;

param Conversionls default 0 :=
;

param CapitalCostStorage default 0 :=
;

param StorageLevelStart default 0 :=
;

param TotalTechnologyModelPeriodActivityLowerLimit default 0 :=
;

param MinStorageCharge default 0 :=
;

param CapacityFactor default 1 :=

;

param OperationalLifeStorage default 99 :=
;

param Conversionld default 0 :=
;

param OperationalLife default 1 :=
Benin	BENBACKSTOP	1
Benin	BENBIOCHC01N	40
Benin	BENBIOCHP01N	40
Benin	BENBIOCHP01O	40
Benin	BENBIOIMP00X	100
Benin	BENBIOPRP00X	35
Benin	BENCO1DIP00X	100
Benin	BENCO1IMP00X	100
Benin	BENCO1PRP00X	35
Benin	BENCO1R1P00X	35
Benin	BENCO1R2P00X	35
Benin	BENCO1RCP00X	35
Benin	BENCOAIMP00X	100
Benin	BENCOAPRP00X	35
Benin	BENCOASCC01N	30
Benin	BENCOASCP01N	30
Benin	BENCOASCP01O	30
Benin	BENEL1TRP00X	70
Benin	BENEL2DIP00X	70
Benin	BENEL3DIP00X	70
Benin	BENEL4DIP00X	70
Benin	BENELGHABP00	100
Benin	BENELNERBP00	100
Benin	BENGAS00IPIX	100
Benin	BENHFODIP00X	100
Benin	BENHFOEMP00X	100
Benin	BENHFOGCP01N	25
Benin	BENHFOGCP01O	25
Benin	BENHFOIMP00X	100
Benin	BENHYDLSP00X	80
Benin	BENHYDMGRID1	100
Benin	BENHYDMSP00X	80
Benin	BENHYDSSP00X	80
Benin	BENLFODIP00X	100
Benin	BENLFOEMP00X	100
Benin	BENLFOIMP00X	100
Benin	BENLFOMGRID1	15
Benin	BENLFORCP00X	10
Benin	BENLFORCP01N	25
Benin	BENLFORCP01O	25
Benin	BENLFOSALON1	10
Benin	BENLNGEXP00X	25
Benin	BENLNGIMP00X	25
Benin	BENNGACCC01N	30
Benin	BENNGACCP01N	30
Benin	BENNGACCP01O	30
Benin	BENNGADIP00X	100
Benin	BENNGAGCP01N	25
Benin	BENNGAGCP01O	25
Benin	BENNGAPRP00X	35
Benin	BENSOLARP00X	100
Benin	BENSOLCNP01X	25
Benin	BENSOLCSP01X	25
Benin	BENSOLMGRID1 	20
Benin	BENSOLPRP00X	20
Benin	BENSOLPRSAL1	15
Benin	BENSOLPRSAL2	15
Benin	BENSOLPRSAL3	15
Benin	BENSOLPRSAL4	15
Benin	BENSOLPRSAL5	15
Benin	BENSOLPSP00X	20
Benin	BENSOLPUP00X	25
Benin	BENURNIMP00X	100
Benin	BENURNPRP00X	50
Benin	BENURNPWP01N	60
Benin	BENURNPWP01O	60
Benin	BENWINMGRID1	20
Benin	BENWINOFP00X	25
Benin	BENWINPRP00X	100
Benin	GHAELBENBP00	100
Benin	NERELBENBP00	100
Benin	NGAELBENBP00	100
Benin	NGAGABENBP00	100
Benin	TGOELBENBP00	100
Benin	BENBIODIP00X	100
Benin	BENCOADIP00X	100
Benin	BENWINONP00X	25
;

param TotalAnnualMaxCapacity default 999999999000 :=
[Benin,*,*]:																									
2020	2021	2022	2023	2024	2025	2026	2027	2028	2029	2030	2031	2032	2033	2034	2035	2036	2037	2038	2039	2040:=
BENELGHABP00	654.6	654.6	654.6	654.6	654.6	654.6	654.6	654.6	654.6	654.6	654.6	654.6	654.6	654.6	654.6	654.6	654.6	654.6	654.6	654.6	654.6
BENELNERBP00	0	0	330	330	330	330	330	330	330	330	330	330	330	330	330	330	330	330	330	330	330
BENHYDSSP00X	99999999000	99999999000	99999999000	200	200	200	200	200	200	200	200	200	200	200	200	200	200	200	200	200	200
BENHYDMSP00X	99999999000	99999999000	99999999000	200	200	200	200	200	200	200	200	200	200	200	200	200	200	200	200	200	200
BENHYDLSP00X	99999999000	99999999000	99999999000	800	800	800	800	800	800	800	800	800	800	800	800	800	800	800	800	800	800
GHAELBENBP00	655.2	655.2	655.2	655.2	655.2	655.2	655.2	655.2	655.2	655.2	655.2	655.2	655.2	655.2	655.2	655.2	655.2	655.2	655.2	655.2	655.2
NERELBENBP00	0	0	0	0	0	0	0	0	0	0	30	30	30	30	30	30	30	30	30	30	30
NGAELBENBP00	686	686	686	686	686	686	686	1180	1180	1180	1180	1180	1180	1180	1180	1180	1180	1180	1180	1180	1180
TGOELBENBP00	345	345	345	345	345	345	345	345	345	345	345	345	345	345	345	345	345	345	345	345	345
;

param CapacityToActivityUnit default 1 :=
Benin	BENBACKSTOP	31.536
Benin	BENBIOCHC01N	31.536
Benin	BENBIOCHP01N	31.536
Benin	BENBIOCHP01O	31.536
Benin	BENCOASCC01N	31.536
Benin	BENCOASCP01N	31.536
Benin	BENCOASCP01O	31.536
Benin	BENEL1TRP00X	31.536
Benin	BENEL2DIP00X	31.536
Benin	BENEL3DIP00X	31.536
Benin	BENEL4DIP00X	31.536
Benin	BENGEOCVP01N	31.536
Benin	BENGEOCVP01O	31.536
Benin	BENHFOGCP01O	31.536
Benin	BENHYDLSP00X	31.536
Benin	BENHYDMGRID1	31.536
Benin	BENHYDMSP00X	31.536
Benin	BENHYDSSP00X	31.536
Benin	BENLFOMGRID1	31.536
Benin	BENLFORCP00X	31.536
Benin	BENLFORCP01N	31.536
Benin	BENLFORCP01O	31.536
Benin	BENLFOSALON1	31.536
Benin	BENNGACCC01N	31.536
Benin	BENNGACCP01N	31.536
Benin	BENNGACCP01O	31.536
Benin	BENNGAGCP01O	31.536
Benin	BENSOLCNP01X	31.536
Benin	BENSOLCSP01X	31.536
Benin	BENSOLMGRID1	31.536
Benin	BENSOLPRP00X	31.536
Benin	BENSOLPRSAL1	31.536
Benin	BENSOLPRSAL2	31.536
Benin	BENSOLPRSAL3	31.536
Benin	BENSOLPRSAL4	31.536
Benin	BENSOLPRSAL5	31.536
Benin	BENSOLPSP00X	31.536
Benin	BENSOLPUP00X	31.536
Benin	BENURNPWP01N	31.536
Benin	BENURNPWP01O	31.536
Benin	BENWINMGRID1	31.536
Benin	BENWINOFP00X	31.536
Benin	BENWINONP00X	31.536
Benin	BENHFOGCP01N	31.536
Benin	BENELNERBP00	31.536
Benin	BENELGHABP00	31.536
Benin	GHAELBENBP00	31.536
Benin	NERELBENBP00	31.536
Benin	TGOELBENBP00	31.536
Benin	NGAELBENBP00	31.536
Benin	BENLFOEMP00X	1
Benin	BENHFOEMP00X	1
Benin	NGAGABENBP00	1
;

param AnnualExogenousEmission default 0 :=
;

param ResidualStorageCapacity default 0 :=
;

param TotalAnnualMinCapacity default 0 :=

;

param REMinProductionTarget default 0 :=
;

#check the imports kUSD/MW
param CapitalCost default 0 :=
[Benin,*,*]:
2020	2021	2022	2023	2024	2025	2026	2027	2028	2029	2030	2031	2032	2033	2034	2035	2036	2037	2038	2039	2040:=
BACKSTOP	999999999	999999999	999999999	999999999	999999999	999999999	999999999	999999999	999999999	999999999	999999999	999999999	999999999	999999999	999999999	999999999	999999999	999999999	999999999	999999999	999999999
BENBACKSTOP	999999999	999999999	999999999	999999999	999999999	999999999	999999999	999999999	999999999	999999999	999999999	999999999	999999999	999999999	999999999	999999999	999999999	999999999	999999999	999999999	999999999
BENBIOCHC01N	5361.334272	5311.953562	5262.572851	5213.192141	5163.81143	5114.43072	5065.05001	5015.669299	4966.288589	4916.907878	4867.527168	4816.73558	4765.943992	4715.152404	4664.360817	4613.569229	4562.777641	4511.986053	4461.194465	4410.402877	4359.61129
BENBIOCHP01N	2708.3808	2702.08224	2695.78368	2689.48512	2683.18656	2676.888	2670.58944	2664.29088	2657.99232	2651.69376	2645.3952	2639.09664	2632.79808	2626.49952	2620.20096	2613.9024	2607.60384	2601.30528	2595.00672	2588.70816	2582.4096
BENCOASCC01N	6122.20032	6101.792986	6081.385651	6060.978317	6040.570982	6020.163648	5999.756314	5979.348979	5958.941645	5938.53431	5918.126976	5850.102528	5782.07808	5714.053632	5646.029184	5578.004736	5509.980288	5441.95584	5373.931392	5305.906944	5237.882496
BENCOASCP01N	2176.782336	2176.782336	2176.782336	2176.782336	2176.782336	2176.782336	2176.782336	2176.782336	2176.782336	2176.782336	2176.782336	2176.782336	2176.782336	2176.782336	2176.782336	2176.782336	2176.782336	2176.782336	2176.782336	2176.782336	2176.782336
BENEL1TRP00X	365	365	365	365	365	365	365	365	365	365	365	365	365	365	365	365	365	365	365	365	365
BENEL2DIP00X	2502	2502	2502	2502	2502	2502	2502	2502	2502	2502	2502	2502	2502	2502	2502	2502	2502	2502	2502	2502	2502
BENEL3DIP00X	2502	2502	2502	2502	2502	2502	2502	2502	2502	2502	2502	2502	2502	2502	2502	2502	2502	2502	2502	2502	2502
BENEL4DIP00X	2502	2502	2502	2502	2502	2502	2502	2502	2502	2502	2502	2502	2502	2502	2502	2502	2502	2502	2502	2502	2502
BENHFOGCP01N	1711.1088	1711.1088	1711.1088	1711.1088	1711.1088	1711.1088	1711.1088	1711.1088	1711.1088	1711.1088	1711.1088	1711.1088	1711.1088	1711.1088	1711.1088	1711.1088	1711.1088	1711.1088	1711.1088	1711.1088	1711.1088
BENHYDSSP00X	4489.613568	4489.613568	4489.613568	4489.613568	4489.613568	4489.613568	4489.613568	4489.613568	4489.613568	4489.613568	4489.613568	4489.613568	4489.613568	4489.613568	4489.613568	4489.613568	4489.613568	4489.613568	4489.613568	4489.613568	4489.613568
BENHYDMSP00X	2857.026816	2857.026816	2857.026816	2857.026816	2857.026816	2857.026816	2857.026816	2857.026816	2857.026816	2857.026816	2857.026816	2857.026816	2857.026816	2857.026816	2857.026816	2857.026816	2857.026816	2857.026816	2857.026816	2857.026816	2857.026816
BENHYDLSP00X	2857.026816	2857.026816	2857.026816	2857.026816	2857.026816	2857.026816	2857.026816	2857.026816	2857.026816	2857.026816	2857.026816	2857.026816	2857.026816	2857.026816	2857.026816	2857.026816	2857.026816	2857.026816	2857.026816	2857.026816	2857.026816
BENLFORCP00X	281.88	281.88	281.88	281.88	281.88	281.88	281.88	281.88	281.88	281.88	281.88	281.88	281.88	281.88	281.88	281.88	281.88	281.88	281.88	281.88	281.88
BENLFORCP01N	1399.68	1399.68	1399.68	1399.68	1399.68	1399.68	1399.68	1399.68	1399.68	1399.68	1399.68	1399.68	1399.68	1399.68	1399.68	1399.68	1399.68	1399.68	1399.68	1399.68	1399.68
BENLNGEXP00X	1.52	1.52	1.52	1.52	1.52	1.52	1.52	1.52	1.52	1.52	1.52	1.52	1.52	1.52	1.52	1.52	1.52	1.52	1.52	1.52	1.52
BENLNGIMP00X	0.855	0.855	0.855	0.855	0.855	0.855	0.855	0.855	0.855	0.855	0.855	0.855	0.855	0.855	0.855	0.855	0.855	0.855	0.855	0.855	0.855
BENNGACCC01N	3086.2944	3073.69728	3061.10016	3048.50304	3035.90592	3023.3088	3010.71168	2998.11456	2985.51744	2972.92032	2960.3232	2928.8304	2897.3376	2865.8448	2834.352	2802.8592	2771.3664	2739.8736	2708.3808	2676.888	2645.3952
BENNGACCP01N	881.7984	881.7984	881.7984	881.7984	881.7984	881.7984	881.7984	881.7984	881.7984	881.7984	881.7984	881.7984	881.7984	881.7984	881.7984	881.7984	881.7984	881.7984	881.7984	881.7984	881.7984
BENNGAGCP01N	466.56	466.56	466.56	466.56	466.56	466.56	466.56	466.56	466.56	466.56	466.56	466.56	466.56	466.56	466.56	466.56	466.56	466.56	466.56	466.56	466.56
BENURNPWP01N	6855.297075	6855.297075	6855.297075	6855.297075	6855.297075	6855.297075	6855.297075	6855.297075	6855.297075	6855.297075	6855.297075	6855.297075	6855.297075	6855.297075	6855.297075	6855.297075	6855.297075	6855.297075	6855.297075	6855.297075	6855.297075
BENSOLCNP01X	6361.5456	6229.27584	6097.00608	5964.73632	5832.46656	5700.1968	5567.92704	5435.65728	5303.38752	5171.11776	5038.848	4963.26528	4887.68256	4812.09984	4736.51712	4660.9344	4585.35168	4509.76896	4434.18624	4358.60352	4283.0208
BENSOLCSP01X	8126.402112	7959.868186	7793.334259	7626.800333	7460.266406	7293.73248	7127.198554	6960.664627	6794.130701	6627.596774	6461.062848	6383.464589	6305.86633	6228.26807	6150.669811	6073.071552	5995.473293	5917.875034	5840.276774	5762.678515	5685.080256
BENSOLPRP00X	2376	2285.28	2194.56	2103.84	2013.12	1922.4	1831.68	1740.96	1650.24	1559.52	1468.8	1445.04	1421.28	1397.52	1373.76	1350	1326.24	1302.48	1278.72	1254.96	1231.2
BENSOLPUP00X	1795.790277	1727.325773	1658.861269	1590.396764	1521.93226	1453.467756	1385.003251	1316.538747	1248.074243	1179.609738	1111.145234	1094.3097	1077.474166	1060.638633	1043.803099	1026.967565	1010.132031	993.2964971	976.4609633	959.6254294	942.7898956
BENSOLPSP00X	3673.08	3535.812	3398.544	3261.276	3124.008	2986.74	2849.472	2712.204	2574.936	2437.668	2300.4	2537.2116	2511.839484	2486.721089	2461.853878	2437.235339	2412.862986	2388.734356	2364.847013	2341.198543	2317.786557
BENWINONP00X	2188.6194	2178.51808	2168.41676	2158.31544	2148.214119	2138.112799	2128.011479	2117.910158	2107.808838	2097.707518	2087.606197	2083.116722	2078.627246	2074.13777	2069.648295	2065.158819	2060.669343	2056.179867	2051.690392	2047.200916	2042.71144
BENWINOFP00X	5593.12128	5384.009088	5174.896896	4965.784704	4756.672512	4547.56032	4338.448128	4129.335936	3920.223744	3711.111552	3501.99936	3441.533184	3381.067008	3320.600832	3260.134656	3199.66848	3139.202304	3078.736128	3018.269952	2957.803776	2897.3376
BENLFOMGRID1	503.88	503.88	503.88	503.88	503.88	503.88	503.88	503.88	503.88	503.88	503.88	503.88	503.88	503.88	503.88	503.88	503.88	503.88	503.88	503.88	503.88
BENLFOSALON1	281.88	281.88	281.88	281.88	281.88	281.88	281.88	281.88	281.88	281.88	281.88	281.88	281.88	281.88	281.88	281.88	281.88	281.88	281.88	281.88	281.88
BENSOLMGRID1	765.24	765.24	765.24	765.24	765.24	765.24	765.24	765.24	765.24	765.24	765.24	756.4522941	747.6645882	738.8768824	730.0891765	721.3014706	712.5137647	703.7260588	694.9383529	686.1506471	677.3629412
BENSOLPRSAL1	10611.6	10611.6	10611.6	10611.6	10611.6	10611.6	10611.6	10611.6	10611.6	10611.6	10611.6	10443.53294	10275.46588	10107.39882	9939.331765	9771.264706	9603.197647	9435.130588	9267.063529	9098.996471	8930.929412
BENSOLPRSAL2	9704.4	9704.4	9704.4	9704.4	9704.4	9704.4	9704.4	9704.4	9704.4	9704.4	9704.4	9551.008235	9397.616471	9244.224706	9090.832941	8937.441176	8784.049412	8630.657647	8477.265882	8323.874118	8170.482353
BENSOLPRSAL3	7112.4	7112.4	7112.4	7112.4	7112.4	7112.4	7112.4	7112.4	7112.4	7112.4	7112.4	7000.937647	6889.475294	6778.012941	6666.550588	6555.088235	6443.625882	6332.163529	6220.701176	6109.238824	5997.776471
BENSOLPRSAL4	5049.6	5049.6	5049.6	5049.6	5049.6	5049.6	5049.6	5049.6	5049.6	5049.6	5049.6	4971.506471	4893.412941	4815.319412	4737.225882	4659.132353	4581.038824	4502.945294	4424.851765	4346.758235	4268.664706
BENSOLPRSAL5	7728	7728	7728	7728	7728	7728	7728	7728	7728	7728	7728	7606.579412	7485.158824	7363.738235	7242.317647	7120.897059	6999.476471	6878.055882	6756.635294	6635.214706	6513.794118
BENWINMGRID1	3364.632985	3364.632985	3364.632985	3364.632985	3364.632985	3364.632985	3364.632985	3364.632985	3364.632985	3364.632985	3364.632985	3357.874635	3351.116284	3344.357934	3337.599583	3330.841233	3324.082882	3317.324532	3310.566181	3303.807831	3297.04948
BENHYDMGRID1	4303.46688	4303.46688	4303.46688	4303.46688	4303.46688	4303.46688	4303.46688	4303.46688	4303.46688	4303.46688	4303.46688	4303.46688	4303.46688	4303.46688	4303.46688	4303.46688	4303.46688	4303.46688	4303.46688	4303.46688	4303.46688
BENELNERBP00	2212.12	2212.12	2212.12	2212.12	2212.12	2212.12	2212.12	2212.12	2212.12	2212.12	2212.12	2212.12	2212.12	2212.12	2212.12	2212.12	2212.12	2212.12	2212.12	2212.12	2212.12
BENELGHABP00	179.7	179.7	179.7	179.7	179.7	179.7	179.7	179.7	179.7	179.7	179.7	179.7	179.7	179.7	179.7	179.7	179.7	179.7	179.7	179.7	179.7
GHAELBENBP00	137.4	137.4	137.4	137.4	137.4	137.4	137.4	137.4	137.4	137.4	137.4	137.4	137.4	137.4	137.4	137.4	137.4	137.4	137.4	137.4	137.4
NERELBENBP00	256.4	256.4	256.4	256.4	256.4	256.4	256.4	256.4	256.4	256.4	256.4	256.4	256.4	256.4	256.4	256.4	256.4	256.4	256.4	256.4	256.4
TGOELBENBP00	0	0	0	0	0	0	0	0	0	0	0	0	0	0	0	0	0	0	0	0	0
NGAELBENBP00	254.6	254.6	254.6	254.6	254.6	254.6	254.6	254.6	254.6	254.6	254.6	254.6	254.6	254.6	254.6	254.6	254.6	254.6	254.6	254.6	254.6
;

param StorageMaxChargeRate default 99 :=
;

param TechnologyFromStorage default 0 :=
;

param AvailabilityFactor default 1 :=
[Benin,*,*]:
2020	2021	2022	2023	2024	2025	2026	2027	2028	2029	2030	2031	2032	2033	2034	2035	2036	2037	2038	2039	2040:=
BENBIOCHC01N	0.93	0.93	0.93	0.93	0.93	0.93	0.93	0.93	0.93	0.93	0.93	0.93	0.93	0.93	0.93	0.93	0.93	0.93	0.93	0.93	0.93
BENBIOCHP01N	0.93	0.93	0.93	0.93	0.93	0.93	0.93	0.93	0.93	0.93	0.93	0.93	0.93	0.93	0.93	0.93	0.93	0.93	0.93	0.93	0.93
BENBIOCHP01O	0.93	0.93	0.93	0.93	0.93	0.93	0.93	0.93	0.93	0.93	0.93	0.93	0.93	0.93	0.93	0.93	0.93	0.93	0.93	0.93	0.93
BENCOASCC01N	0.9	0.9	0.9	0.9	0.9	0.9	0.9	0.9	0.9	0.9	0.9	0.9	0.9	0.9	0.9	0.9	0.9	0.9	0.9	0.9	0.9
BENCOASCP01N	0.9	0.9	0.9	0.9	0.9	0.9	0.9	0.9	0.9	0.9	0.9	0.9	0.9	0.9	0.9	0.9	0.9	0.9	0.9	0.9	0.9
BENCOASCP01O	0.9	0.9	0.9	0.9	0.9	0.9	0.9	0.9	0.9	0.9	0.9	0.9	0.9	0.9	0.9	0.9	0.9	0.9	0.9	0.9	0.9
BENHFOGCP01N	0.9	0.9	0.9	0.9	0.9	0.9	0.9	0.9	0.9	0.9	0.9	0.9	0.9	0.9	0.9	0.9	0.9	0.9	0.9	0.9	0.9
BENHFOGCP01O	0.9	0.9	0.9	0.9	0.9	0.9	0.9	0.9	0.9	0.9	0.9	0.9	0.9	0.9	0.9	0.9	0.9	0.9	0.9	0.9	0.9
BENHYDMSP00X	0.95	0.95	0.95	0.95	0.95	0.95	0.95	0.95	0.95	0.95	0.95	0.95	0.95	0.95	0.95	0.95	0.95	0.95	0.95	0.95	0.95
BENHYDLSP00X	0.95	0.95	0.95	0.95	0.95	0.95	0.95	0.95	0.95	0.95	0.95	0.95	0.95	0.95	0.95	0.95	0.95	0.95	0.95	0.95	0.95
BENHYDSSP00X	0.95	0.95	0.95	0.95	0.95	0.95	0.95	0.95	0.95	0.95	0.95	0.95	0.95	0.95	0.95	0.95	0.95	0.95	0.95	0.95	0.95
BENLFORCP00X	0.33	0.33	0.33	0.33	0.33	0.33	0.33	0.33	0.33	0.33	0.33	0.33	0.33	0.33	0.33	0.33	0.33	0.33	0.33	0.33	0.33
BENLFORCP01N	0.9	0.9	0.9	0.9	0.9	0.9	0.9	0.9	0.9	0.9	0.9	0.9	0.9	0.9	0.9	0.9	0.9	0.9	0.9	0.9	0.9
BENLFORCP01O	0.9	0.9	0.9	0.9	0.9	0.9	0.9	0.9	0.9	0.9	0.9	0.9	0.9	0.9	0.9	0.9	0.9	0.9	0.9	0.9	0.9
BENNGACCC01N	0.9	0.9	0.9	0.9	0.9	0.9	0.9	0.9	0.9	0.9	0.9	0.9	0.9	0.9	0.9	0.9	0.9	0.9	0.9	0.9	0.9
BENNGACCP01N	0.9	0.9	0.9	0.9	0.9	0.9	0.9	0.9	0.9	0.9	0.9	0.9	0.9	0.9	0.9	0.9	0.9	0.9	0.9	0.9	0.9
BENNGACCP01O	0.9	0.9	0.9	0.9	0.9	0.9	0.9	0.9	0.9	0.9	0.9	0.9	0.9	0.9	0.9	0.9	0.9	0.9	0.9	0.9	0.9
BENNGAGCP01N	0.9	0.9	0.9	0.9	0.9	0.9	0.9	0.9	0.9	0.9	0.9	0.9	0.9	0.9	0.9	0.9	0.9	0.9	0.9	0.9	0.9
BENNGAGCP01O	0.9	0.9	0.9	0.9	0.9	0.9	0.9	0.9	0.9	0.9	0.9	0.9	0.9	0.9	0.9	0.9	0.9	0.9	0.9	0.9	0.9
;

param InputActivityRatio default 0 :=
[Benin, BENBIOCHC01N, BENBIO,*,*]:
2020	2021	2022	2023	2024	2025	2026	2027	2028	2029	2030	2031	2032	2033	2034	2035	2036	2037	2038	2039	2040:=
1	3.225806452	3.215434084	3.205128205	3.194888179	3.184713376	3.174603175	3.164556962	3.154574132	3.144654088	3.134796238	3.125	3.125	3.125	3.125	3.125	3.125	3.125	3.125	3.125	3.125	3.125
[Benin, BENBIOCHP01N, BENBIO,*,*]:
2020	2021	2022	2023	2024	2025	2026	2027	2028	2029	2030	2031	2032	2033	2034	2035	2036	2037	2038	2039	2040:=
1	2.8	2.8	2.8	2.8	2.8	2.8	2.8	2.8	2.8	2.8	2.8	2.8	2.8	2.8	2.8	2.8	2.8	2.8	2.8	2.8	2.8
[Benin, BENBIOCHP01O, BENBIO,*,*]:
2020	2021	2022	2023	2024	2025	2026	2027	2028	2029	2030	2031	2032	2033	2034	2035	2036	2037	2038	2039	2040:=
1	2.8	2.8	2.8	2.8	2.8	2.8	2.8	2.8	2.8	2.8	2.8	2.8	2.8	2.8	2.8	2.8	2.8	2.8	2.8	2.8	2.8
[Benin, BENCOADIP00X, BENCOA,*,*]:
2020	2021	2022	2023	2024	2025	2026	2027	2028	2029	2030	2031	2032	2033	2034	2035	2036	2037	2038	2039	2040:=
1	1	1	1	1	1	1	1	1	1	1	1	1	1	1	1	1	1	1	1	1	1
[Benin, BENCOASCC01N, BENCOA,*,*]:
2020	2021	2022	2023	2024	2025	2026	2027	2028	2029	2030	2031	2032	2033	2034	2035	2036	2037	2038	2039	2040:=
1	3.03030303	3.012048193	2.994011976	2.976190476	2.958579882	2.941176471	2.923976608	2.906976744	2.89017341	2.873563218	2.857142857	2.849002849	2.840909091	2.83286119	2.824858757	2.816901408	2.808988764	2.801120448	2.793296089	2.78551532	2.777777778
[Benin, BENCOASCP01N, BENCOA,*,*]:
2020	2021	2022	2023	2024	2025	2026	2027	2028	2029	2030	2031	2032	2033	2034	2035	2036	2037	2038	2039	2040:=
1	2.564	2.564	2.564	2.564	2.564	2.564	2.564	2.564	2.564	2.564	2.564	2.564	2.564	2.564	2.564	2.564	2.564	2.564	2.564	2.564	2.564
[Benin, BENCOASCP01O, BENCOA,*,*]:
2020	2021	2022	2023	2024	2025	2026	2027	2028	2029	2030	2031	2032	2033	2034	2035	2036	2037	2038	2039	2040:=
1	2.564	2.564	2.564	2.564	2.564	2.564	2.564	2.564	2.564	2.564	2.564	2.564	2.564	2.564	2.564	2.564	2.564	2.564	2.564	2.564	2.564
[Benin, BENCO1DIP00X, BENCO1,*,*]:
2020	2021	2022	2023	2024	2025	2026	2027	2028	2029	2030	2031	2032	2033	2034	2035	2036	2037	2038	2039	2040:=
1	1	1	1	1	1	1	1	1	1	1	1	1	1	1	1	1	1	1	1	1	1
[Benin, BENCO1RCP00X, BENCO1,*,*]:
2020	2021	2022	2023	2024	2025	2026	2027	2028	2029	2030	2031	2032	2033	2034	2035	2036	2037	2038	2039	2040:=
1	1	1	1	1	1	1	1	1	1	1	1	1	1	1	1	1	1	1	1	1	1
[Benin, BENCO1R1P00X, BENCO2,*,*]:
2020	2021	2022	2023	2024	2025	2026	2027	2028	2029	2030	2031	2032	2033	2034	2035	2036	2037	2038	2039	2040:=
1	1	1	1	1	1	1	1	1	1	1	1	1	1	1	1	1	1	1	1	1	1
[Benin, BENCO1R2P00X, BENCO2,*,*]:
2020	2021	2022	2023	2024	2025	2026	2027	2028	2029	2030	2031	2032	2033	2034	2035	2036	2037	2038	2039	2040:=
1	1	1	1	1	1	1	1	1	1	1	1	1	1	1	1	1	1	1	1	1	1
[Benin, BENEL1TRP00X, BENEL1,*,*]:
2020	2021	2022	2023	2024	2025	2026	2027	2028	2029	2030	2031	2032	2033	2034	2035	2036	2037	2038	2039	2040:=
1	1	1	1	1	1	1	1	1	1	1	1	1	1	1	1	1	1	1	1	1	1
[Benin, BENEL2DIP00X, EL2,*,*]:
2020	2021	2022	2023	2024	2025	2026	2027	2028	2029	2030	2031	2032	2033	2034	2035	2036	2037	2038	2039	2040:=
1	1	1	1	1	1	1	1	1	1	1	1	1	1	1	1	1	1	1	1	1	1
[Benin, BENBIODIP00X, BENBIO,*,*]:
2020	2021	2022	2023	2024	2025	2026	2027	2028	2029	2030	2031	2032	2033	2034	2035	2036	2037	2038	2039	2040:=
1	1	1	1	1	1	1	1	1	1	1	1	1	1	1	1	1	1	1	1	1	1
[Benin, BENHFODIP00X, BENHFO,*,*]:
2020	2021	2022	2023	2024	2025	2026	2027	2028	2029	2030	2031	2032	2033	2034	2035	2036	2037	2038	2039	2040:=
1	1	1	1	1	1	1	1	1	1	1	1	1	1	1	1	1	1	1	1	1	1
[Benin, BENHFOGCP01N, BENHFO,*,*]:
2020	2021	2022	2023	2024	2025	2026	2027	2028	2029	2030	2031	2032	2033	2034	2035	2036	2037	2038	2039	2040:=
1	2.857142857	2.857142857	2.857142857	2.857142857	2.857142857	2.857142857	2.857142857	2.857142857	2.857142857	2.857142857	2.857142857	2.857142857	2.857142857	2.857142857	2.857142857	2.857142857	2.857142857	2.857142857	2.857142857	2.857142857	2.857142857
[Benin, BENHFOGCP01O, BENHFO,*,*]:
2020	2021	2022	2023	2024	2025	2026	2027	2028	2029	2030	2031	2032	2033	2034	2035	2036	2037	2038	2039	2040:=
1	2.857142857	2.857142857	2.857142857	2.857142857	2.857142857	2.857142857	2.857142857	2.857142857	2.857142857	2.857142857	2.857142857	2.857142857	2.857142857	2.857142857	2.857142857	2.857142857	2.857142857	2.857142857	2.857142857	2.857142857	2.857142857
[Benin, BENLFODIP00X, BENLFO,*,*]:
2020	2021	2022	2023	2024	2025	2026	2027	2028	2029	2030	2031	2032	2033	2034	2035	2036	2037	2038	2039	2040:=
1	1	1	1	1	1	1	1	1	1	1	1	1	1	1	1	1	1	1	1	1	1
[Benin, BENLFORCP00X, BENLFO,*,*]:
2020	2021	2022	2023	2024	2025	2026	2027	2028	2029	2030	2031	2032	2033	2034	2035	2036	2037	2038	2039	2040:=
1	6.25	6.25	6.25	6.25	6.25	6.25	6.25	6.25	6.25	6.25	6.25	6.25	6.25	6.25	6.25	6.25	6.25	6.25	6.25	6.25	6.25
[Benin, BENLFORCP01N, BENLFO,*,*]:
2020	2021	2022	2023	2024	2025	2026	2027	2028	2029	2030	2031	2032	2033	2034	2035	2036	2037	2038	2039	2040:=
1	2.857	2.857	2.857	2.857	2.857	2.857	2.857	2.857	2.857	2.857	2.857	2.857	2.857	2.857	2.857	2.857	2.857	2.857	2.857	2.857	2.857
[Benin, BENLFORCP01O, BENLFO,*,*]:
2020	2021	2022	2023	2024	2025	2026	2027	2028	2029	2030	2031	2032	2033	2034	2035	2036	2037	2038	2039	2040:=
1	2.857	2.857	2.857	2.857	2.857	2.857	2.857	2.857	2.857	2.857	2.857	2.857	2.857	2.857	2.857	2.857	2.857	2.857	2.857	2.857	2.857
[Benin, BENLNGEXP00X, BENGAS,*,*]:
2020	2021	2022	2023	2024	2025	2026	2027	2028	2029	2030	2031	2032	2033	2034	2035	2036	2037	2038	2039	2040:=
1	1	1	1	1	1	1	1	1	1	1	1	1	1	1	1	1	1	1	1	1	1
[Benin, BENNGADIP00X, BENGAS,*,*]:
2020	2021	2022	2023	2024	2025	2026	2027	2028	2029	2030	2031	2032	2033	2034	2035	2036	2037	2038	2039	2040:=
1	1	1	1	1	1	1	1	1	1	1	1	1	1	1	1	1	1	1	1	1	1
[Benin, BENNGACCC01N, BENGAS,*,*]:
2020	2021	2022	2023	2024	2025	2026	2027	2028	2029	2030	2031	2032	2033	2034	2035	2036	2037	2038	2039	2040:=
1	1.960784314	1.956947162	1.953125	1.949317739	1.945525292	1.941747573	1.937984496	1.934235977	1.930501931	1.926782274	1.923076923	1.915708812	1.908396947	1.901140684	1.893939394	1.886792453	1.879699248	1.872659176	1.865671642	1.858736059	1.851851852
[Benin, BENNGACCP01N, BENGAS,*,*]:
2020	2021	2022	2023	2024	2025	2026	2027	2028	2029	2030	2031	2032	2033	2034	2035	2036	2037	2038	2039	2040:=
1	1.724137931	1.721170396	1.718213058	1.715265866	1.712328767	1.709401709	1.706484642	1.703577513	1.700680272	1.697792869	1.694915254	1.692047377	1.689189189	1.686340641	1.683501684	1.680672269	1.677852349	1.675041876	1.672240803	1.669449082	1.666666667
[Benin, BENNGACCP01O, BENGAS,*,*]:
2020	2021	2022	2023	2024	2025	2026	2027	2028	2029	2030	2031	2032	2033	2034	2035	2036	2037	2038	2039	2040:=
1	1.724	1.724	1.724	1.724	1.724	1.724	1.724	1.724	1.724	1.724	1.724	1.724	1.724	1.724	1.724	1.724	1.724	1.724	1.724	1.724	1.724
[Benin, BENNGAGCP01N, BENGAS,*,*]:
2020	2021	2022	2023	2024	2025	2026	2027	2028	2029	2030	2031	2032	2033	2034	2035	2036	2037	2038	2039	2040:=
1	2.631578947	2.624671916	2.617801047	2.610966057	2.604166667	2.597402597	2.590673575	2.583979328	2.577319588	2.570694087	2.564102564	2.551020408	2.538071066	2.525252525	2.512562814	2.5	2.487562189	2.475247525	2.463054187	2.450980392	2.43902439
[Benin, BENNGAGCP01O, BENGAS,*,*]:
2020	2021	2022	2023	2024	2025	2026	2027	2028	2029	2030	2031	2032	2033	2034	2035	2036	2037	2038	2039	2040:=
1	2.631578947	2.631578947	2.631578947	2.631578947	2.631578947	2.631578947	2.631578947	2.631578947	2.631578947	2.631578947	2.631578947	2.631578947	2.631578947	2.631578947	2.631578947	2.631578947	2.631578947	2.631578947	2.631578947	2.631578947	2.631578947
[Benin, BENURNPWP01N, BENURN,*,*]:
2020	2021	2022	2023	2024	2025	2026	2027	2028	2029	2030	2031	2032	2033	2034	2035	2036	2037	2038	2039	2040:=
1	3.03030303	3.03030303	3.03030303	3.03030303	3.03030303	3.03030303	3.03030303	3.03030303	3.03030303	3.03030303	3.03030303	3.03030303	3.03030303	3.03030303	3.03030303	3.03030303	3.03030303	3.03030303	3.03030303	3.03030303	3.03030303
[Benin, BENURNPWP01O, BENURN,*,*]:
2020	2021	2022	2023	2024	2025	2026	2027	2028	2029	2030	2031	2032	2033	2034	2035	2036	2037	2038	2039	2040:=
1	3.03030303	3.03030303	3.03030303	3.03030303	3.03030303	3.03030303	3.03030303	3.03030303	3.03030303	3.03030303	3.03030303	3.03030303	3.03030303	3.03030303	3.03030303	3.03030303	3.03030303	3.03030303	3.03030303	3.03030303	3.03030303
[Benin, BENEL3DIP00X, EL2,*,*]:
2020	2021	2022	2023	2024	2025	2026	2027	2028	2029	2030	2031	2032	2033	2034	2035	2036	2037	2038	2039	2040:=
1	1	1	1	1	1	1	1	1	1	1	1	1	1	1	1	1	1	1	1	1	1
[Benin, BENEL4DIP00X, BENEL3,*,*]:
2020	2021	2022	2023	2024	2025	2026	2027	2028	2029	2030	2031	2032	2033	2034	2035	2036	2037	2038	2039	2040:=
1	1	1	1	1	1	1	1	1	1	1	1	1	1	1	1	1	1	1	1	1	1
[Benin, BENLFOMGRID1, BENLFO,*,*]:
2020	2021	2022	2023	2024	2025	2026	2027	2028	2029	2030	2031	2032	2033	2034	2035	2036	2037	2038	2039	2040:=
1	3.03	3.03	3.03	3.03	3.03	3.03	3.03	3.03	3.03	3.03	3.03	3.03	3.03	3.03	3.03	3.03	3.03	3.03	3.03	3.03	3.03
[Benin, BENLFOSALON1, BENLFO,*,*]:
2020	2021	2022	2023	2024	2025	2026	2027	2028	2029	2030	2031	2032	2033	2034	2035	2036	2037	2038	2039	2040:=
1	3.57	3.57	3.57	3.57	3.57	3.57	3.57	3.57	3.57	3.57	3.57	3.57	3.57	3.57	3.57	3.57	3.57	3.57	3.57	3.57	3.57
;

param ModelPeriodEmissionLimit default 999999999999999999999999 :=
;

param AccumulatedAnnualDemand default 0 :=
;

param EmissionActivityRatio default 0 :=
#kTonnesCO2/TJ 
[Benin, BENCOAIMP00X,CO2,*,*]:
2020	2021	2022	2023	2024	2025	2026	2027	2028	2029	2030	2031	2032	2033	2034	2035	2036	2037	2038	2039	2040:=
1	0.090374363	0.090374363	0.090374363	0.090374363	0.090374363	0.090374363	0.090374363	0.090374363	0.090374363	0.090374363	0.090374363	0.090374363	0.090374363	0.090374363	0.090374363	0.090374363	0.090374363	0.090374363	0.090374363	0.090374363	0.090374363
[Benin, BENCOAPRP00X,CO2,*,*]:
2020	2021	2022	2023	2024	2025	2026	2027	2028	2029	2030	2031	2032	2033	2034	2035	2036	2037	2038	2039	2040:=
1	0.090374363	0.090374363	0.090374363	0.090374363	0.090374363	0.090374363	0.090374363	0.090374363	0.090374363	0.090374363	0.090374363	0.090374363	0.090374363	0.090374363	0.090374363	0.090374363	0.090374363	0.090374363	0.090374363	0.090374363	0.090374363
[Benin, BENCO1IMP00X,CO2,*,*]:
2020	2021	2022	2023	2024	2025	2026	2027	2028	2029	2030	2031	2032	2033	2034	2035	2036	2037	2038	2039	2040:=
1	0.070650288	0.070650288	0.070650288	0.070650288	0.070650288	0.070650288	0.070650288	0.070650288	0.070650288	0.070650288	0.070650288	0.070650288	0.070650288	0.070650288	0.070650288	0.070650288	0.070650288	0.070650288	0.070650288	0.070650288	0.070650288
[Benin, BENCO1PRP00X,CO2,*,*]:
2020	2021	2022	2023	2024	2025	2026	2027	2028	2029	2030	2031	2032	2033	2034	2035	2036	2037	2038	2039	2040:=
1	0.070650288	0.070650288	0.070650288	0.070650288	0.070650288	0.070650288	0.070650288	0.070650288	0.070650288	0.070650288	0.070650288	0.070650288	0.070650288	0.070650288	0.070650288	0.070650288	0.070650288	0.070650288	0.070650288	0.070650288	0.070650288
[Benin, BENHFOIMP00X,CO2,*,*]:
2020	2021	2022	2023	2024	2025	2026	2027	2028	2029	2030	2031	2032	2033	2034	2035	2036	2037	2038	2039	2040:=
1	0.074687989	0.074687989	0.074687989	0.074687989	0.074687989	0.074687989	0.074687989	0.074687989	0.074687989	0.074687989	0.074687989	0.074687989	0.074687989	0.074687989	0.074687989	0.074687989	0.074687989	0.074687989	0.074687989	0.074687989	0.074687989
[Benin, BENLFOIMP00X,CO2,*,*]:
2020	2021	2022	2023	2024	2025	2026	2027	2028	2029	2030	2031	2032	2033	2034	2035	2036	2037	2038	2039	2040:=
1	0.069332823	0.069332823	0.069332823	0.069332823	0.069332823	0.069332823	0.069332823	0.069332823	0.069332823	0.069332823	0.069332823	0.069332823	0.069332823	0.069332823	0.069332823	0.069332823	0.069332823	0.069332823	0.069332823	0.069332823	0.069332823
[Benin, BENLNGIMP00X,CO2,*,*]:
2020	2021	2022	2023	2024	2025	2026	2027	2028	2029	2030	2031	2032	2033	2034	2035	2036	2037	2038	2039	2040:=
1	0.050300655	0.050300655	0.050300655	0.050300655	0.050300655	0.050300655	0.050300655	0.050300655	0.050300655	0.050300655	0.050300655	0.050300655	0.050300655	0.050300655	0.050300655	0.050300655	0.050300655	0.050300655	0.050300655	0.050300655	0.050300655
[Benin, BENGAS00IPIX,CO2,*,*]:
2020	2021	2022	2023	2024	2025	2026	2027	2028	2029	2030	2031	2032	2033	2034	2035	2036	2037	2038	2039	2040:=
1	0.050300655	0.050300655	0.050300655	0.050300655	0.050300655	0.050300655	0.050300655	0.050300655	0.050300655	0.050300655	0.050300655	0.050300655	0.050300655	0.050300655	0.050300655	0.050300655	0.050300655	0.050300655	0.050300655	0.050300655	0.050300655
[Benin, BENNGAPRP00X,CO2,*,*]:
2020	2021	2022	2023	2024	2025	2026	2027	2028	2029	2030	2031	2032	2033	2034	2035	2036	2037	2038	2039	2040:=
1	0.050300655	0.050300655	0.050300655	0.050300655	0.050300655	0.050300655	0.050300655	0.050300655	0.050300655	0.050300655	0.050300655	0.050300655	0.050300655	0.050300655	0.050300655	0.050300655	0.050300655	0.050300655	0.050300655	0.050300655	0.050300655
;

param ReserveMargin default 1 :=
;

param AnnualEmissionLimit default 99999999999999999999999 :=
;

param TradeRoute default 0 :=
;

param SpecifiedAnnualDemand default 0 :=
;

param RETagFuel default 0 :=
;

param CapacityOfOneTechnologyUnit default 0 :=
;

#TJ
param TotalTechnologyModelPeriodActivityUpperLimit default 999999999999999999999999 :=
Benin BENCOAPRP00X	0
Benin BENCO1PRP00X	48952
Benin BENNGAPRP00X	43341.69432
Benin BENURNPRP00X	0
;

#MW
param ResidualCapacity default 0 :=
[Benin,*,*]:																									
2020	2021	2022	2023	2024	2025	2026	2027	2028	2029	2030	2031	2032	2033	2034	2035	2036	2037	2038	2039	2040:=
BENHFOGCP01O	125.76	124.472	123.184	121.896	120.608	119.32	118.032	116.744	115.456	114.168	112.88	111.592	110.304	109.016	107.728	106.44	105.152	103.864	102.576	101.288	100
BENLFORCP01O	91.494	86.9193	82.3446	77.7699	73.1952	68.6205	64.0458	59.4711	54.8964	50.3217	45.747	41.1723	36.5976	32.0229	27.4482	22.8735	18.2988	13.7241	9.1494	4.5747	0
BENNGAGCP01O	80	76	72	68	64	60	56	52	48	44	40	36	32	28	24	20	16	12	8	4	0
BENSOLPRP00X	7.95	7.9	7.85	7.8	7.75	7.7	7.65	7.6	7.55	7.5	7.45	7.4	7.35	7.3	7.25	7.2	7.15	7.1	7.05	7	7
NGAELBENBP00	686	686	686	686	686	686	686	686	686	686	686	686	686	686	686	686	686	686	686	686	686
NGAGABENBP00	237.283215	237.283215	237.283215	237.283215	237.283215	237.283215	237.283215	237.283215	237.283215	237.283215	237.283215	237.283215	237.283215	237.283215	237.283215	237.283215	237.283215	237.283215	237.283215	237.283215	237.283215
TGOELBENBP00	345	345	345	345	345	345	345	345	345	345	345	345	345	345	345	345	345	345	345	345	345
BENHYDSSP00X	1	1	1	1	1	1	1	1	1	1	1	1	1	1	1	1	1	1	1	1	1
BENHYDLSP00X	288	288	288	288	288	288	288	288	288	288	288	288	288	288	288	288	288	288	288	288	288
GHAELBENBP00	655.2	655.2	655.2	655.2	655.2	655.2	655.2	655.2	655.2	655.2	655.2	655.2	655.2	655.2	655.2	655.2	655.2	655.2	655.2	655.2	655.2
;

param YearSplit default 0 :
2020	2021	2022	2023	2024	2025	2026	2027	2028	2029	2030	2031	2032	2033	2034	2035	2036	2037	2038	2039	2040:=
JFMA_D	0.178082192	0.178082192	0.178082192	0.178082192	0.178082192	0.178082192	0.178082192	0.178082192	0.178082192	0.178082192	0.178082192	0.178082192	0.178082192	0.178082192	0.178082192	0.178082192	0.178082192	0.178082192	0.178082192	0.178082192	0.178082192
JFMA_E	0.054794521	0.054794521	0.054794521	0.054794521	0.054794521	0.054794521	0.054794521	0.054794521	0.054794521	0.054794521	0.054794521	0.054794521	0.054794521	0.054794521	0.054794521	0.054794521	0.054794521	0.054794521	0.054794521	0.054794521	0.054794521
JFMA_N	0.095890411	0.095890411	0.095890411	0.095890411	0.095890411	0.095890411	0.095890411	0.095890411	0.095890411	0.095890411	0.095890411	0.095890411	0.095890411	0.095890411	0.095890411	0.095890411	0.095890411	0.095890411	0.095890411	0.095890411	0.095890411
MJJ_D	0.13652968	0.13652968	0.13652968	0.13652968	0.13652968	0.13652968	0.13652968	0.13652968	0.13652968	0.13652968	0.13652968	0.13652968	0.13652968	0.13652968	0.13652968	0.13652968	0.13652968	0.13652968	0.13652968	0.13652968	0.13652968
MJJ_E	0.042009132	0.042009132	0.042009132	0.042009132	0.042009132	0.042009132	0.042009132	0.042009132	0.042009132	0.042009132	0.042009132	0.042009132	0.042009132	0.042009132	0.042009132	0.042009132	0.042009132	0.042009132	0.042009132	0.042009132	0.042009132
MJJ_N	0.073515982	0.073515982	0.073515982	0.073515982	0.073515982	0.073515982	0.073515982	0.073515982	0.073515982	0.073515982	0.073515982	0.073515982	0.073515982	0.073515982	0.073515982	0.073515982	0.073515982	0.073515982	0.073515982	0.073515982	0.073515982
ASO_D	0.13652968	0.13652968	0.13652968	0.13652968	0.13652968	0.13652968	0.13652968	0.13652968	0.13652968	0.13652968	0.13652968	0.13652968	0.13652968	0.13652968	0.13652968	0.13652968	0.13652968	0.13652968	0.13652968	0.13652968	0.13652968
ASO_E	0.042009132	0.042009132	0.042009132	0.042009132	0.042009132	0.042009132	0.042009132	0.042009132	0.042009132	0.042009132	0.042009132	0.042009132	0.042009132	0.042009132	0.042009132	0.042009132	0.042009132	0.042009132	0.042009132	0.042009132	0.042009132
ASO_N	0.073515982	0.073515982	0.073515982	0.073515982	0.073515982	0.073515982	0.073515982	0.073515982	0.073515982	0.073515982	0.073515982	0.073515982	0.073515982	0.073515982	0.073515982	0.073515982	0.073515982	0.073515982	0.073515982	0.073515982	0.073515982
ND_D	0.090525114	0.090525114	0.090525114	0.090525114	0.090525114	0.090525114	0.090525114	0.090525114	0.090525114	0.090525114	0.090525114	0.090525114	0.090525114	0.090525114	0.090525114	0.090525114	0.090525114	0.090525114	0.090525114	0.090525114	0.090525114
ND_E	0.027853881	0.027853881	0.027853881	0.027853881	0.027853881	0.027853881	0.027853881	0.027853881	0.027853881	0.027853881	0.027853881	0.027853881	0.027853881	0.027853881	0.027853881	0.027853881	0.027853881	0.027853881	0.027853881	0.027853881	0.027853881
ND_N	0.048744292	0.048744292	0.048744292	0.048744292	0.048744292	0.048744292	0.048744292	0.048744292	0.048744292	0.048744292	0.048744292	0.048744292	0.048744292	0.048744292	0.048744292	0.048744292	0.048744292	0.048744292	0.048744292	0.048744292	0.048744292
;

param ReserveMarginTagTechnology default 0 :=
;

end;
